
mysql> select nat_id,
    -> case when CLASS_INCOMES>15 then 15 when CLASS_INCOMES<0 then 0 else CLASS_INCOMES end as classIncome
    -> ,substring(i,1,4) as subProduct,sum(p*qt) as expenditure from e2,incomeclass where fs_id=f group by 
    -> case when CLASS_INCOMES>15 then 15 when CLASS_INCOMES<0 then 0 else CLASS_INCOMES end
    -> ,substring(i,1,4) order by nat_id,
    -> case when CLASS_INCOMES>15 then 15 when CLASS_INCOMES<0 then 0 else CLASS_INCOMES end
    -> ,substring(i,1,4);
+--------+-------------+------------+-----------------+
| nat_id | classIncome | subProduct | expenditure     |
+--------+-------------+------------+-----------------+
|      1 |           0 | 0111       |     440.1600005 |
|      1 |           0 | 0112       |     218.8700002 |
|      1 |           0 | 0113       |     104.0000000 |
|      1 |           0 | 0114       |     116.6900008 |
|      1 |           0 | 0115       |      43.9500000 |
|      1 |           0 | 0116       |      45.9500000 |
|      1 |           0 | 0117       |      98.3499990 |
|      1 |           0 | 0118       |      29.2000000 |
|      1 |           0 | 0119       |      26.1000001 |
|      1 |           0 | 0121       |       6.0000000 |
|      1 |           0 | 0122       |      36.3400001 |
|      1 |           0 | 0220       |     110.5000000 |
|      1 |           0 | 0311       |      35.0000000 |
|      1 |           0 | 0312       |     759.5000003 |
|      1 |           0 | 0314       |      30.7000001 |
|      1 |           0 | 0321       |     256.0000001 |
|      1 |           0 | 0421       |    1500.0000000 |
|      1 |           0 | 0431       |      30.0000000 |
|      1 |           0 | 0432       |      74.5000000 |
|      1 |           0 | 0441       |     135.0000000 |
|      1 |           0 | 0451       |      80.0000001 |
|      1 |           0 | 0454       |       1.5000000 |
|      1 |           0 | 0511       |      72.9999999 |
|      1 |           0 | 0520       |      26.0000000 |
|      1 |           0 | 0532       |       8.0000000 |
|      1 |           0 | 0540       |     126.4000000 |
|      1 |           0 | 0552       |     101.8899999 |
|      1 |           0 | 0561       |      51.2500000 |
|      1 |           0 | 0562       |     160.0000000 |
|      1 |           0 | 0611       |       2.5000000 |
|      1 |           0 | 0714       |       2.0000000 |
|      1 |           0 | 0721       |      20.5000000 |
|      1 |           0 | 0722       |     220.2499988 |
|      1 |           0 | 0723       |     158.4000000 |
|      1 |           0 | 0733       |     200.0000000 |
|      1 |           0 | 0820       |     224.5000000 |
|      1 |           0 | 0830       |     166.0000005 |
|      1 |           0 | 0911       |      58.0000000 |
|      1 |           0 | 0914       |      28.2500000 |
|      1 |           0 | 0923       |      73.5000000 |
|      1 |           0 | 0933       |       5.2500000 |
|      1 |           0 | 0952       |       2.9000000 |
|      1 |           0 | 0954       |     526.7000000 |
|      1 |           0 | 1111       |      34.6500000 |
|      1 |           0 | 1112       |      24.5000000 |
|      1 |           0 | 1120       |     400.0000000 |
|      1 |           0 | 1211       |      86.5000005 |
|      1 |           0 | 1212       |      28.2500000 |
|      1 |           0 | 1213       |     195.9499995 |
|      1 |           0 | 1231       |     104.5000000 |
|      1 |           0 | 1232       |      60.0000000 |
|      1 |           0 | 1270       |       6.0000000 |
|      1 |           0 | 1320       |     216.0000000 |
|      1 |          10 | 0421       |    1350.0000000 |
|      1 |          11 | 0533       |     890.4000000 |
|      1 |          11 | 0562       |    3543.7200009 |
|      1 |          11 | 0621       |     269.0000000 |
|      1 |          13 | 0612       |      80.8100001 |
|      1 |          13 | 0713       |      50.0000000 |
|      1 |          13 | 0733       |    1440.0000000 |
|      1 |          13 | 0915       |     241.0000002 |
|      1 |          13 | 0932       |     202.8000000 |
|      1 |          13 | 0951       |     245.8500002 |
|      1 |          13 | 1050       |    1151.0000001 |
|      1 |          14 | 0551       |       9.1500000 |
|      1 |          14 | 0953       |     138.2500000 |
|      1 |          15 | 0111       |  181692.1830678 |
|      1 |          15 | 0112       |  294149.7960153 |
|      1 |          15 | 0113       |  144396.3900143 |
|      1 |          15 | 0114       |  113327.3489670 |
|      1 |          15 | 0115       |   35892.0920098 |
|      1 |          15 | 0116       |   74823.9279791 |
|      1 |          15 | 0117       |   87354.2980459 |
|      1 |          15 | 0118       |   55459.9469847 |
|      1 |          15 | 0119       |   52424.6409708 |
|      1 |          15 | 0121       |   39037.6350500 |
|      1 |          15 | 0122       |   79404.8969837 |
|      1 |          15 | 0220       |    8231.2129965 |
|      1 |          15 | 0311       |   91176.9799971 |
|      1 |          15 | 0312       | 1004080.9480049 |
|      1 |          15 | 0313       |   30829.2539978 |
|      1 |          15 | 0314       |  140607.5849897 |
|      1 |          15 | 0321       |  152261.7050031 |
|      1 |          15 | 0421       | 3550195.0000000 |
|      1 |          15 | 0431       |  171385.8200005 |
|      1 |          15 | 0432       |  284501.9700003 |
|      1 |          15 | 0441       |   69148.2500014 |
|      1 |          15 | 0442       |   11837.7499995 |
|      1 |          15 | 0451       |  138783.8500007 |
|      1 |          15 | 0452       |   10590.7149985 |
|      1 |          15 | 0511       |  303805.4600025 |
|      1 |          15 | 0512       |   73013.8549997 |
|      1 |          15 | 0520       |  174358.4100070 |
|      1 |          15 | 0531       |  138108.2550004 |
|      1 |          15 | 0532       |   41579.3100007 |
|      1 |          15 | 0533       |   33833.3499986 |
|      1 |          15 | 0540       |  202224.8190213 |
|      1 |          15 | 0552       |   64319.0000010 |
|      1 |          15 | 0561       |  233151.1762558 |
|      1 |          15 | 0562       |  557579.7299955 |
|      1 |          15 | 0611       |   47033.7349980 |
|      1 |          15 | 0613       |   23197.8850007 |
|      1 |          15 | 0621       |   24145.0999999 |
|      1 |          15 | 0712       |      22.0000000 |
|      1 |          15 | 0713       |    1510.4000000 |
|      1 |          15 | 0721       |  118048.6150007 |
|      1 |          15 | 0722       |  554241.0309830 |
|      1 |          15 | 0723       |  218176.2789971 |
|      1 |          15 | 0724       |   15434.2500053 |
|      1 |          15 | 0733       |  246714.2699996 |
|      1 |          15 | 0820       |  132896.2900001 |
|      1 |          15 | 0830       |  306890.8620376 |
|      1 |          15 | 0911       |   69634.9290001 |
|      1 |          15 | 0921       |     350.0000000 |
|      1 |          15 | 0922       |    4576.1100000 |
|      1 |          15 | 0931       |   41821.4349971 |
|      1 |          15 | 0932       |   33163.2350003 |
|      1 |          15 | 0934       |    6209.4450020 |
|      1 |          15 | 0941       |   86192.6749999 |
|      1 |          15 | 0942       |    8503.9500003 |
|      1 |          15 | 0952       |    9635.3849995 |
|      1 |          15 | 0954       |   65024.1349996 |
|      1 |          15 | 1010       |   75868.8250000 |
|      1 |          15 | 1020       |  151078.8999986 |
|      1 |          15 | 1030       |    6652.0000000 |
|      1 |          15 | 1040       |   39423.5000000 |
|      1 |          15 | 1111       |  282146.1849966 |
|      1 |          15 | 1112       |   64922.6799986 |
|      1 |          15 | 1120       |  100483.1600006 |
|      1 |          15 | 1211       |  127000.1950132 |
|      1 |          15 | 1212       |   10914.1799992 |
|      1 |          15 | 1213       |  420595.6798744 |
|      1 |          15 | 1231       |  114712.9530020 |
|      1 |          15 | 1232       |   94049.7749980 |
|      1 |          15 | 1240       |     125.0000000 |
|      1 |          15 | 1251       |     549.2500000 |
|      1 |          15 | 1253       |    1106.0000000 |
|      1 |          15 | 1254       |   10720.6530001 |
|      1 |          15 | 1255       |     410.2500000 |
|      1 |          15 | 1270       |  963264.5849978 |
|      1 |          15 | 1310       |   43358.9249992 |
|      1 |          15 | 1320       | 1014379.9259963 |
|      2 |           2 | 0111       |      25.6500000 |
|      2 |           2 | 0112       |      21.7000000 |
|      2 |           2 | 0113       |      16.1000000 |
|      2 |           2 | 0114       |      11.4000000 |
|      2 |           2 | 0115       |       6.5000000 |
|      2 |           2 | 0116       |       6.0500000 |
|      2 |           2 | 0117       |      13.8200001 |
|      2 |           2 | 0118       |       2.6850000 |
|      2 |           2 | 0119       |       8.2600003 |
|      2 |           2 | 0121       |       1.8000000 |
|      2 |           2 | 0122       |       1.8000000 |
|      2 |           2 | 0312       |     103.5400004 |
|      2 |           2 | 0321       |      27.7499999 |
|      2 |           2 | 0411       |     540.0000000 |
|      2 |           2 | 0432       |       6.0000000 |
|      2 |           2 | 0441       |       9.0000000 |
|      2 |           2 | 0442       |       6.0000000 |
|      2 |           2 | 0451       |      21.0000000 |
|      2 |           2 | 0452       |       7.7500000 |
|      2 |           2 | 0511       |       0.1000000 |
|      2 |           2 | 0520       |       5.5900001 |
|      2 |           2 | 0532       |       2.9000000 |
|      2 |           2 | 0533       |       5.0000000 |
|      2 |           2 | 0540       |       4.3000000 |
|      2 |           2 | 0552       |       6.3000000 |
|      2 |           2 | 0561       |      21.9199996 |
|      2 |           2 | 0562       |       0.5000000 |
|      2 |           2 | 0611       |       3.0999999 |
|      2 |           2 | 0732       |      23.5000005 |
|      2 |           2 | 0820       |       2.5000000 |
|      2 |           2 | 0830       |      41.5000001 |
|      2 |           2 | 0914       |       1.5000000 |
|      2 |           2 | 0942       |       3.0000000 |
|      2 |           2 | 1111       |       6.7500000 |
|      2 |           2 | 1211       |      12.5000001 |
|      2 |           2 | 1213       |      56.3500000 |
|      2 |           2 | 1310       |       6.0000000 |
|      2 |           3 | 0111       |      48.6949983 |
|      2 |           3 | 0112       |      64.8400001 |
|      2 |           3 | 0113       |      29.7200001 |
|      2 |           3 | 0114       |      23.6599998 |
|      2 |           3 | 0115       |      14.0900000 |
|      2 |           3 | 0116       |      19.2950002 |
|      2 |           3 | 0117       |      54.6150002 |
|      2 |           3 | 0118       |       5.6499999 |
|      2 |           3 | 0119       |      11.9650002 |
|      2 |           3 | 0121       |       3.9900001 |
|      2 |           3 | 0122       |      15.2299994 |
|      2 |           3 | 0220       |      25.3499991 |
|      2 |           3 | 0311       |     756.1500005 |
|      2 |           3 | 0312       |     242.4500002 |
|      2 |           3 | 0313       |      16.7500000 |
|      2 |           3 | 0314       |      13.3000000 |
|      2 |           3 | 0321       |      47.1000000 |
|      2 |           3 | 0322       |       1.0500000 |
|      2 |           3 | 0411       |    1200.0000000 |
|      2 |           3 | 0421       |     360.0000000 |
|      2 |           3 | 0441       |      55.5000000 |
|      2 |           3 | 0442       |       7.0000000 |
|      2 |           3 | 0443       |       1.5000000 |
|      2 |           3 | 0451       |     107.0000001 |
|      2 |           3 | 0452       |      14.7500000 |
|      2 |           3 | 0511       |      29.0000000 |
|      2 |           3 | 0512       |       7.0000000 |
|      2 |           3 | 0520       |      24.7500000 |
|      2 |           3 | 0531       |      15.0000000 |
|      2 |           3 | 0532       |       7.0000000 |
|      2 |           3 | 0533       |      10.0000000 |
|      2 |           3 | 0540       |      46.7100000 |
|      2 |           3 | 0552       |       4.3999999 |
|      2 |           3 | 0561       |      71.2749992 |
|      2 |           3 | 0562       |       5.0000000 |
|      2 |           3 | 0611       |       6.9999998 |
|      2 |           3 | 0722       |      20.5000000 |
|      2 |           3 | 0723       |       6.0000000 |
|      2 |           3 | 0732       |      88.1000007 |
|      2 |           3 | 0733       |      95.0000000 |
|      2 |           3 | 0820       |       1.5000000 |
|      2 |           3 | 0830       |     220.8499999 |
|      2 |           3 | 0915       |       3.0000000 |
|      2 |           3 | 0942       |       3.0000000 |
|      2 |           3 | 0953       |       0.5000000 |
|      2 |           3 | 0954       |       0.1000000 |
|      2 |           3 | 1111       |     109.2000031 |
|      2 |           3 | 1211       |      26.4999995 |
|      2 |           3 | 1212       |       3.9000000 |
|      2 |           3 | 1213       |     121.7300003 |
|      2 |           3 | 1231       |       4.0000000 |
|      2 |           3 | 1232       |      13.7500000 |
|      2 |           3 | 1262       |       4.0000000 |
|      2 |           3 | 1270       |       0.3000000 |
|      2 |           3 | 1310       |      18.0000000 |
|      2 |           3 | 1320       |     223.0000000 |
|      2 |           4 | 0111       |     969.3300065 |
|      2 |           4 | 0112       |    1056.8549990 |
|      2 |           4 | 0113       |     544.5189993 |
|      2 |           4 | 0114       |     817.4150011 |
|      2 |           4 | 0115       |     202.8100008 |
|      2 |           4 | 0116       |     416.9500001 |
|      2 |           4 | 0117       |     687.7349981 |
|      2 |           4 | 0118       |     360.5050022 |
|      2 |           4 | 0119       |     319.2199928 |
|      2 |           4 | 0121       |     108.8950000 |
|      2 |           4 | 0122       |     256.4499996 |
|      2 |           4 | 0220       |      70.9000006 |
|      2 |           4 | 0311       |     392.6500005 |
|      2 |           4 | 0312       |    2930.5750019 |
|      2 |           4 | 0313       |     101.9950000 |
|      2 |           4 | 0314       |     212.8000008 |
|      2 |           4 | 0321       |     679.8499999 |
|      2 |           4 | 0322       |      19.9500000 |
|      2 |           4 | 0411       |   12189.9999999 |
|      2 |           4 | 0421       |     930.0000000 |
|      2 |           4 | 0431       |      55.8500000 |
|      2 |           4 | 0432       |      56.5000000 |
|      2 |           4 | 0441       |     378.9999999 |
|      2 |           4 | 0442       |     187.9999999 |
|      2 |           4 | 0443       |       3.0000000 |
|      2 |           4 | 0451       |     577.7500003 |
|      2 |           4 | 0452       |     126.5999996 |
|      2 |           4 | 0453       |       0.5000000 |
|      2 |           4 | 0454       |      23.1699997 |
|      2 |           4 | 0511       |     302.9950001 |
|      2 |           4 | 0512       |     190.2500000 |
|      2 |           4 | 0520       |     720.8500007 |
|      2 |           4 | 0531       |     374.6500000 |
|      2 |           4 | 0532       |     249.7900000 |
|      2 |           4 | 0533       |     156.0000000 |
|      2 |           4 | 0540       |     565.9499990 |
|      2 |           4 | 0552       |    1815.6100012 |
|      2 |           4 | 0561       |    1125.4349991 |
|      2 |           4 | 0562       |      19.8000000 |
|      2 |           4 | 0611       |     187.7450001 |
|      2 |           4 | 0612       |      20.6150000 |
|      2 |           4 | 0613       |     120.1000000 |
|      2 |           4 | 0621       |      32.0000000 |
|      2 |           4 | 0623       |      28.0000000 |
|      2 |           4 | 0624       |      72.0000000 |
|      2 |           4 | 0630       |       0.3500000 |
|      2 |           4 | 0721       |     191.2500000 |
|      2 |           4 | 0722       |    3081.0500263 |
|      2 |           4 | 0723       |     300.1649997 |
|      2 |           4 | 0724       |       6.2500000 |
|      2 |           4 | 0732       |     629.3500027 |
|      2 |           4 | 0733       |     415.0000000 |
|      2 |           4 | 0736       |     108.9999997 |
|      2 |           4 | 0820       |     331.5000001 |
|      2 |           4 | 0830       |    1574.6000063 |
|      2 |           4 | 0911       |     284.0000000 |
|      2 |           4 | 0912       |      24.0000000 |
|      2 |           4 | 0913       |      47.3500000 |
|      2 |           4 | 0914       |      27.1500000 |
|      2 |           4 | 0915       |      15.0000000 |
|      2 |           4 | 0931       |      75.6399998 |
|      2 |           4 | 0932       |      11.4000000 |
|      2 |           4 | 0933       |      12.0000000 |
|      2 |           4 | 0934       |       3.0000000 |
|      2 |           4 | 0941       |      69.7500000 |
|      2 |           4 | 0942       |      36.0000001 |
|      2 |           4 | 0951       |      64.0000000 |
|      2 |           4 | 0952       |       5.3500000 |
|      2 |           4 | 0954       |      69.7599996 |
|      2 |           4 | 1010       |    1244.0000001 |
|      2 |           4 | 1020       |      30.0000000 |
|      2 |           4 | 1050       |      50.0000000 |
|      2 |           4 | 1111       |     628.0999987 |
|      2 |           4 | 1112       |       2.2500001 |
|      2 |           4 | 1211       |     387.7500012 |
|      2 |           4 | 1212       |      29.4800000 |
|      2 |           4 | 1213       |    1750.9999974 |
|      2 |           4 | 1231       |     467.2950010 |
|      2 |           4 | 1232       |     301.6000000 |
|      2 |           4 | 1262       |      73.5000000 |
|      2 |           4 | 1270       |     193.1000001 |
|      2 |           4 | 1310       |     285.4499990 |
|      2 |           4 | 1320       |    4344.3000014 |
|      2 |           5 | 0111       |    2893.3499870 |
|      2 |           5 | 0112       |    2426.0599999 |
|      2 |           5 | 0113       |    1022.7249996 |
|      2 |           5 | 0114       |    1576.2200113 |
|      2 |           5 | 0115       |     419.6250000 |
|      2 |           5 | 0116       |     819.1899998 |
|      2 |           5 | 0117       |    1797.7050017 |
|      2 |           5 | 0118       |     473.9600000 |
|      2 |           5 | 0119       |     726.6899783 |
|      2 |           5 | 0121       |     295.3000012 |
|      2 |           5 | 0122       |     554.8699996 |
|      2 |           5 | 0220       |     260.7499993 |
|      2 |           5 | 0311       |     179.7500000 |
|      2 |           5 | 0312       |    8591.7750050 |
|      2 |           5 | 0313       |     377.5399997 |
|      2 |           5 | 0314       |     363.5999997 |
|      2 |           5 | 0321       |    1517.3300001 |
|      2 |           5 | 0322       |      73.4699996 |
|      2 |           5 | 0411       |   31897.9999999 |
|      2 |           5 | 0421       |     420.0000000 |
|      2 |           5 | 0431       |     233.1800002 |
|      2 |           5 | 0432       |     244.7500001 |
|      2 |           5 | 0441       |     925.9999998 |
|      2 |           5 | 0442       |     560.5000001 |
|      2 |           5 | 0443       |       0.6500000 |
|      2 |           5 | 0451       |    1390.0000001 |
|      2 |           5 | 0452       |     405.9500001 |
|      2 |           5 | 0454       |      44.6199999 |
|      2 |           5 | 0511       |    1090.9050001 |
|      2 |           5 | 0512       |     268.4800001 |
|      2 |           5 | 0520       |    1231.5999993 |
|      2 |           5 | 0531       |     928.4400000 |
|      2 |           5 | 0532       |     488.0100002 |
|      2 |           5 | 0533       |     411.7500000 |
|      2 |           5 | 0540       |    1648.2099981 |
|      2 |           5 | 0551       |       1.3000000 |
|      2 |           5 | 0552       |     414.6899989 |
|      2 |           5 | 0561       |    3097.6999976 |
|      2 |           5 | 0562       |     273.0000001 |
|      2 |           5 | 0611       |     504.5899998 |
|      2 |           5 | 0612       |      40.1000002 |
|      2 |           5 | 0613       |     158.0000000 |
|      2 |           5 | 0621       |     131.0000000 |
|      2 |           5 | 0622       |       3.0000000 |
|      2 |           5 | 0623       |     143.0000000 |
|      2 |           5 | 0624       |     150.0000000 |
|      2 |           5 | 0630       |       8.0000000 |
|      2 |           5 | 0713       |      10.0000000 |
|      2 |           5 | 0721       |     254.7999997 |
|      2 |           5 | 0722       |    2113.0000007 |
|      2 |           5 | 0723       |    1496.5800001 |
|      2 |           5 | 0724       |      21.1499999 |
|      2 |           5 | 0732       |    2086.0999963 |
|      2 |           5 | 0733       |     860.0000000 |
|      2 |           5 | 0736       |      33.0000000 |
|      2 |           5 | 0810       |       4.5000000 |
|      2 |           5 | 0820       |    1756.0900002 |
|      2 |           5 | 0830       |    3317.6299912 |
|      2 |           5 | 0911       |     620.8400000 |
|      2 |           5 | 0912       |      92.9850000 |
|      2 |           5 | 0913       |     787.2000000 |
|      2 |           5 | 0914       |      50.4000000 |
|      2 |           5 | 0915       |      56.0000000 |
|      2 |           5 | 0931       |     311.6100002 |
|      2 |           5 | 0932       |      63.6000000 |
|      2 |           5 | 0933       |      12.2000000 |
|      2 |           5 | 0934       |       1.5000000 |
|      2 |           5 | 0941       |     314.7499997 |
|      2 |           5 | 0942       |      60.1000000 |
|      2 |           5 | 0951       |     107.0999999 |
|      2 |           5 | 0952       |      22.8500000 |
|      2 |           5 | 0953       |       2.5500000 |
|      2 |           5 | 0954       |     482.6600016 |
|      2 |           5 | 0960       |      74.4999999 |
|      2 |           5 | 1010       |     548.5000000 |
|      2 |           5 | 1020       |    1171.0000000 |
|      2 |           5 | 1050       |     142.8000000 |
|      2 |           5 | 1111       |    1599.3800010 |
|      2 |           5 | 1112       |     278.2000007 |
|      2 |           5 | 1211       |     930.0499989 |
|      2 |           5 | 1212       |      76.3400000 |
|      2 |           5 | 1213       |    5164.0559767 |
|      2 |           5 | 1231       |     932.0999999 |
|      2 |           5 | 1232       |     855.0299997 |
|      2 |           5 | 1254       |      21.0000000 |
|      2 |           5 | 1262       |     114.0000000 |
|      2 |           5 | 1270       |    1449.0100001 |
|      2 |           5 | 1310       |     449.2499998 |
|      2 |           5 | 1320       |    6880.7499996 |
|      2 |           6 | 0111       |    2955.0650013 |
|      2 |           6 | 0112       |    4071.7850191 |
|      2 |           6 | 0113       |    1159.7289976 |
|      2 |           6 | 0114       |    1725.4700103 |
|      2 |           6 | 0115       |     435.2400003 |
|      2 |           6 | 0116       |    2681.6000143 |
|      2 |           6 | 0117       |    2240.8849974 |
|      2 |           6 | 0118       |     665.7099983 |
|      2 |           6 | 0119       |    1219.3050030 |
|      2 |           6 | 0121       |    1049.9350136 |
|      2 |           6 | 0122       |     733.2699974 |
|      2 |           6 | 0220       |     133.9700006 |
|      2 |           6 | 0311       |     139.0000000 |
|      2 |           6 | 0312       |    8567.9720042 |
|      2 |           6 | 0313       |     362.4099997 |
|      2 |           6 | 0314       |     311.6999997 |
|      2 |           6 | 0321       |    1704.1949997 |
|      2 |           6 | 0322       |      13.0000001 |
|      2 |           6 | 0411       |   36090.0000001 |
|      2 |           6 | 0421       |     540.0000000 |
|      2 |           6 | 0431       |     172.2999999 |
|      2 |           6 | 0432       |     245.5000000 |
|      2 |           6 | 0441       |     835.4999999 |
|      2 |           6 | 0442       |     477.9999999 |
|      2 |           6 | 0443       |       3.0000000 |
|      2 |           6 | 0451       |    1295.4999998 |
|      2 |           6 | 0452       |     407.3500001 |
|      2 |           6 | 0453       |       1.2000000 |
|      2 |           6 | 0454       |      70.9249996 |
|      2 |           6 | 0511       |    1180.2400002 |
|      2 |           6 | 0512       |     263.1000000 |
|      2 |           6 | 0520       |    1336.0999998 |
|      2 |           6 | 0531       |     861.1400000 |
|      2 |           6 | 0532       |     742.8900002 |
|      2 |           6 | 0533       |     409.2499999 |
|      2 |           6 | 0540       |    2198.4450029 |
|      2 |           6 | 0551       |       3.2500000 |
|      2 |           6 | 0552       |     511.3199981 |
|      2 |           6 | 0561       |    4495.7649989 |
|      2 |           6 | 0562       |     200.5000000 |
|      2 |           6 | 0611       |     741.2399997 |
|      2 |           6 | 0612       |      39.8849997 |
|      2 |           6 | 0613       |     232.5000000 |
|      2 |           6 | 0621       |     211.0000000 |
|      2 |           6 | 0622       |      15.0000000 |
|      2 |           6 | 0623       |     126.0000000 |
|      2 |           6 | 0624       |     128.0000000 |
|      2 |           6 | 0630       |       1.3200000 |
|      2 |           6 | 0713       |      25.0000000 |
|      2 |           6 | 0714       |      17.9000000 |
|      2 |           6 | 0721       |     587.2500000 |
|      2 |           6 | 0722       |    4846.9500183 |
|      2 |           6 | 0723       |    1204.4999997 |
|      2 |           6 | 0724       |       6.6500000 |
|      2 |           6 | 0732       |    2236.3499889 |
|      2 |           6 | 0733       |    3528.0000000 |
|      2 |           6 | 0734       |       1.5000000 |
|      2 |           6 | 0736       |      68.5000000 |
|      2 |           6 | 0810       |       3.0000000 |
|      2 |           6 | 0820       |    1254.6000000 |
|      2 |           6 | 0830       |    3220.1900006 |
|      2 |           6 | 0911       |     637.1000000 |
|      2 |           6 | 0912       |       1.2500000 |
|      2 |           6 | 0913       |     201.7900000 |
|      2 |           6 | 0914       |      26.7500000 |
|      2 |           6 | 0915       |      99.5000000 |
|      2 |           6 | 0923       |       1.0000000 |
|      2 |           6 | 0931       |     233.6650000 |
|      2 |           6 | 0932       |      65.3499990 |
|      2 |           6 | 0933       |      21.4500000 |
|      2 |           6 | 0941       |     253.9999999 |
|      2 |           6 | 0942       |      74.7500000 |
|      2 |           6 | 0951       |     156.8000000 |
|      2 |           6 | 0952       |      21.6500000 |
|      2 |           6 | 0953       |       0.4000000 |
|      2 |           6 | 0954       |     412.9449984 |
|      2 |           6 | 0960       |       3.5000000 |
|      2 |           6 | 1010       |    1182.1499999 |
|      2 |           6 | 1020       |    1801.5000000 |
|      2 |           6 | 1040       |      50.0000000 |
|      2 |           6 | 1050       |      30.0000000 |
|      2 |           6 | 1111       |    1906.4300025 |
|      2 |           6 | 1112       |     168.8999988 |
|      2 |           6 | 1211       |     698.0000003 |
|      2 |           6 | 1212       |      90.9500000 |
|      2 |           6 | 1213       |    5203.7220024 |
|      2 |           6 | 1231       |     989.2899999 |
|      2 |           6 | 1232       |     877.7099996 |
|      2 |           6 | 1253       |      51.0000000 |
|      2 |           6 | 1262       |     122.0000002 |
|      2 |           6 | 1270       |     638.3999998 |
|      2 |           6 | 1310       |     688.8200003 |
|      2 |           6 | 1320       |    6946.5000006 |
|      2 |           7 | 0111       |    4378.8650119 |
|      2 |           7 | 0112       |    5424.8799984 |
|      2 |           7 | 0113       |    2374.1049993 |
|      2 |           7 | 0114       |    3100.4749993 |
|      2 |           7 | 0115       |     811.2099998 |
|      2 |           7 | 0116       |    1618.2049984 |
|      2 |           7 | 0117       |    3053.5749970 |
|      2 |           7 | 0118       |    1058.8350045 |
|      2 |           7 | 0119       |    1691.3100155 |
|      2 |           7 | 0121       |     941.3850049 |
|      2 |           7 | 0122       |    1291.6200007 |
|      2 |           7 | 0220       |     452.7500015 |
|      2 |           7 | 0311       |    1054.3500001 |
|      2 |           7 | 0312       |   17180.0750032 |
|      2 |           7 | 0313       |     399.1949999 |
|      2 |           7 | 0314       |    1328.0250046 |
|      2 |           7 | 0321       |    2957.8800000 |
|      2 |           7 | 0322       |      46.1999998 |
|      2 |           7 | 0411       |   60304.4999999 |
|      2 |           7 | 0421       |     450.0000000 |
|      2 |           7 | 0431       |     425.3399999 |
|      2 |           7 | 0432       |    1451.6000002 |
|      2 |           7 | 0441       |    1514.5000002 |
|      2 |           7 | 0442       |     898.9999998 |
|      2 |           7 | 0443       |       6.2500000 |
|      2 |           7 | 0451       |    2441.7999999 |
|      2 |           7 | 0452       |     442.6000007 |
|      2 |           7 | 0453       |      37.5000002 |
|      2 |           7 | 0454       |     119.9999999 |
|      2 |           7 | 0511       |    2162.1699998 |
|      2 |           7 | 0512       |     378.5950000 |
|      2 |           7 | 0513       |      12.0000000 |
|      2 |           7 | 0520       |    2570.2700027 |
|      2 |           7 | 0531       |    1462.3700002 |
|      2 |           7 | 0532       |    1106.5000000 |
|      2 |           7 | 0533       |     646.9000001 |
|      2 |           7 | 0540       |    3244.9050032 |
|      2 |           7 | 0551       |      25.2000000 |
|      2 |           7 | 0552       |     825.8099998 |
|      2 |           7 | 0561       |    5844.6590245 |
|      2 |           7 | 0562       |     435.2000001 |
|      2 |           7 | 0611       |    1154.4649993 |
|      2 |           7 | 0612       |     103.0950000 |
|      2 |           7 | 0613       |     456.3500001 |
|      2 |           7 | 0621       |     225.5000000 |
|      2 |           7 | 0622       |      25.0000000 |
|      2 |           7 | 0623       |      67.0000000 |
|      2 |           7 | 0624       |    1344.0000000 |
|      2 |           7 | 0630       |      12.8000000 |
|      2 |           7 | 0713       |       6.5000000 |
|      2 |           7 | 0721       |    1123.3500000 |
|      2 |           7 | 0722       |   10550.6199943 |
|      2 |           7 | 0723       |    2464.3400010 |
|      2 |           7 | 0724       |      29.7000001 |
|      2 |           7 | 0732       |    3060.9500055 |
|      2 |           7 | 0733       |    5432.0000000 |
|      2 |           7 | 0734       |      15.0000000 |
|      2 |           7 | 0736       |     241.9999992 |
|      2 |           7 | 0810       |      20.0000000 |
|      2 |           7 | 0820       |    2118.9899999 |
|      2 |           7 | 0830       |    6812.2399950 |
|      2 |           7 | 0911       |    1563.6800000 |
|      2 |           7 | 0912       |     112.9000000 |
|      2 |           7 | 0913       |     848.0800000 |
|      2 |           7 | 0914       |     151.2150000 |
|      2 |           7 | 0915       |      84.2500000 |
|      2 |           7 | 0922       |      26.5000000 |
|      2 |           7 | 0931       |     806.8649995 |
|      2 |           7 | 0932       |     249.5499996 |
|      2 |           7 | 0933       |      79.0500000 |
|      2 |           7 | 0934       |      37.8499998 |
|      2 |           7 | 0935       |     120.0000000 |
|      2 |           7 | 0941       |     924.9000001 |
|      2 |           7 | 0942       |     180.5000000 |
|      2 |           7 | 0951       |     370.6000000 |
|      2 |           7 | 0952       |     195.6899983 |
|      2 |           7 | 0953       |       6.1000000 |
|      2 |           7 | 0954       |    1027.2799987 |
|      2 |           7 | 0960       |      73.0000000 |
|      2 |           7 | 1010       |    3036.0000002 |
|      2 |           7 | 1020       |    4016.9999998 |
|      2 |           7 | 1030       |     150.0000000 |
|      2 |           7 | 1050       |     206.6000000 |
|      2 |           7 | 1111       |    4765.5929943 |
|      2 |           7 | 1112       |     641.5000052 |
|      2 |           7 | 1211       |    1753.4399995 |
|      2 |           7 | 1212       |     146.8099999 |
|      2 |           7 | 1213       |    8614.2399953 |
|      2 |           7 | 1231       |    1491.0799996 |
|      2 |           7 | 1232       |    1187.4750005 |
|      2 |           7 | 1254       |     132.5000000 |
|      2 |           7 | 1262       |     307.7500000 |
|      2 |           7 | 1270       |    2618.3600032 |
|      2 |           7 | 1310       |    2575.6499986 |
|      2 |           7 | 1320       |   10650.1999995 |
|      2 |           8 | 0111       |    6957.4280210 |
|      2 |           8 | 0112       |    5799.3300008 |
|      2 |           8 | 0113       |    2068.3000008 |
|      2 |           8 | 0114       |    2872.7499976 |
|      2 |           8 | 0115       |    1009.6599998 |
|      2 |           8 | 0116       |    1796.0310007 |
|      2 |           8 | 0117       |    3353.2179984 |
|      2 |           8 | 0118       |    1395.3850008 |
|      2 |           8 | 0119       |    1043.6949997 |
|      2 |           8 | 0121       |     681.1850005 |
|      2 |           8 | 0122       |    1636.0110018 |
|      2 |           8 | 0220       |     667.3860006 |
|      2 |           8 | 0311       |     884.5000000 |
|      2 |           8 | 0312       |   20189.8799971 |
|      2 |           8 | 0313       |    1002.7250004 |
|      2 |           8 | 0314       |    1397.6599996 |
|      2 |           8 | 0321       |    3438.3349991 |
|      2 |           8 | 0322       |      50.8450000 |
|      2 |           8 | 0411       |   67415.0000001 |
|      2 |           8 | 0421       |     600.0000000 |
|      2 |           8 | 0431       |     865.8400000 |
|      2 |           8 | 0432       |     844.8500000 |
|      2 |           8 | 0441       |    1657.7499991 |
|      2 |           8 | 0442       |    1228.0000001 |
|      2 |           8 | 0443       |       0.8500000 |
|      2 |           8 | 0451       |    2569.2500000 |
|      2 |           8 | 0452       |     463.7000005 |
|      2 |           8 | 0453       |     130.1000009 |
|      2 |           8 | 0454       |      78.2550001 |
|      2 |           8 | 0511       |    2405.8749998 |
|      2 |           8 | 0512       |     631.2100003 |
|      2 |           8 | 0513       |      10.0000000 |
|      2 |           8 | 0520       |    3283.1449988 |
|      2 |           8 | 0531       |    3284.2700001 |
|      2 |           8 | 0532       |    1023.3449999 |
|      2 |           8 | 0533       |     774.0000000 |
|      2 |           8 | 0540       |    2743.3999974 |
|      2 |           8 | 0551       |      12.0000000 |
|      2 |           8 | 0552       |     835.7899983 |
|      2 |           8 | 0561       |    6119.5250033 |
|      2 |           8 | 0562       |    1265.2500000 |
|      2 |           8 | 0611       |    1503.2099987 |
|      2 |           8 | 0612       |      47.5350000 |
|      2 |           8 | 0613       |     459.8500000 |
|      2 |           8 | 0621       |     447.0000000 |
|      2 |           8 | 0622       |      48.0000000 |
|      2 |           8 | 0623       |     221.4000000 |
|      2 |           8 | 0624       |     654.0000000 |
|      2 |           8 | 0630       |      40.0000000 |
|      2 |           8 | 0711       |     500.2000000 |
|      2 |           8 | 0713       |      16.5000000 |
|      2 |           8 | 0721       |    1478.0500003 |
|      2 |           8 | 0722       |   12537.7749500 |
|      2 |           8 | 0723       |    3860.5499998 |
|      2 |           8 | 0724       |      35.2999999 |
|      2 |           8 | 0732       |    2732.6100014 |
|      2 |           8 | 0733       |    3107.0000000 |
|      2 |           8 | 0734       |      21.5000000 |
|      2 |           8 | 0736       |     180.4999997 |
|      2 |           8 | 0820       |    2695.3800002 |
|      2 |           8 | 0830       |    6419.3499954 |
|      2 |           8 | 0911       |    1255.2899999 |
|      2 |           8 | 0912       |      54.0000000 |
|      2 |           8 | 0913       |     912.4400000 |
|      2 |           8 | 0914       |      94.6050000 |
|      2 |           8 | 0915       |     114.5000000 |
|      2 |           8 | 0931       |     731.4299994 |
|      2 |           8 | 0932       |     173.9200004 |
|      2 |           8 | 0933       |     143.9299998 |
|      2 |           8 | 0934       |       3.9100001 |
|      2 |           8 | 0935       |       3.0000000 |
|      2 |           8 | 0941       |    1752.3500006 |
|      2 |           8 | 0942       |     191.6000000 |
|      2 |           8 | 0951       |     564.6500000 |
|      2 |           8 | 0952       |     114.4000008 |
|      2 |           8 | 0953       |      15.9500000 |
|      2 |           8 | 0954       |    1455.4900003 |
|      2 |           8 | 0960       |      88.0000000 |
|      2 |           8 | 1010       |    5540.9999999 |
|      2 |           8 | 1020       |    6991.4999996 |
|      2 |           8 | 1040       |       8.0000000 |
|      2 |           8 | 1050       |    1121.0000000 |
|      2 |           8 | 1111       |    5665.0900005 |
|      2 |           8 | 1112       |     841.0500010 |
|      2 |           8 | 1211       |    1903.5499987 |
|      2 |           8 | 1212       |     187.9000001 |
|      2 |           8 | 1213       |    7993.8650123 |
|      2 |           8 | 1231       |    1401.9600008 |
|      2 |           8 | 1232       |    1785.9850006 |
|      2 |           8 | 1251       |      51.0000000 |
|      2 |           8 | 1254       |     103.0000000 |
|      2 |           8 | 1262       |     243.0000000 |
|      2 |           8 | 1270       |    4734.2500014 |
|      2 |           8 | 1310       |    1566.1499992 |
|      2 |           8 | 1320       |   15645.8499989 |
|      2 |           9 | 0111       |    3727.0400003 |
|      2 |           9 | 0112       |    5172.4600013 |
|      2 |           9 | 0113       |    2541.6699919 |
|      2 |           9 | 0114       |    2867.2309916 |
|      2 |           9 | 0115       |     597.0750008 |
|      2 |           9 | 0116       |    1401.0850001 |
|      2 |           9 | 0117       |    2497.7499935 |
|      2 |           9 | 0118       |     852.5349998 |
|      2 |           9 | 0119       |     674.8950028 |
|      2 |           9 | 0121       |     283.7100002 |
|      2 |           9 | 0122       |    1142.6949954 |
|      2 |           9 | 0220       |     297.5500010 |
|      2 |           9 | 0311       |     378.7500000 |
|      2 |           9 | 0312       |   11854.8500032 |
|      2 |           9 | 0313       |     763.1499993 |
|      2 |           9 | 0314       |     737.4000013 |
|      2 |           9 | 0321       |    1852.4849991 |
|      2 |           9 | 0322       |      24.6250000 |
|      2 |           9 | 0411       |   41555.0000001 |
|      2 |           9 | 0421       |     760.0000000 |
|      2 |           9 | 0431       |     119.2650000 |
|      2 |           9 | 0432       |     366.0000001 |
|      2 |           9 | 0441       |    1061.4999997 |
|      2 |           9 | 0442       |     785.9999993 |
|      2 |           9 | 0443       |       5.7900000 |
|      2 |           9 | 0451       |    1573.6000004 |
|      2 |           9 | 0452       |     375.2049996 |
|      2 |           9 | 0454       |      62.3100002 |
|      2 |           9 | 0511       |    1063.3500000 |
|      2 |           9 | 0512       |     687.1349999 |
|      2 |           9 | 0513       |      55.0000000 |
|      2 |           9 | 0520       |    1663.7649999 |
|      2 |           9 | 0531       |    1348.5250000 |
|      2 |           9 | 0532       |     875.1499999 |
|      2 |           9 | 0533       |     590.2500000 |
|      2 |           9 | 0540       |    2465.8249977 |
|      2 |           9 | 0551       |       1.5000000 |
|      2 |           9 | 0552       |     742.7499994 |
|      2 |           9 | 0561       |    3056.5999994 |
|      2 |           9 | 0562       |     409.7500000 |
|      2 |           9 | 0611       |     798.6649991 |
|      2 |           9 | 0612       |      96.4200000 |
|      2 |           9 | 0613       |     274.0000000 |
|      2 |           9 | 0621       |     229.0000001 |
|      2 |           9 | 0622       |      64.0000000 |
|      2 |           9 | 0623       |      80.7500000 |
|      2 |           9 | 0624       |     410.0000000 |
|      2 |           9 | 0630       |      39.0000000 |
|      2 |           9 | 0713       |       2.0000000 |
|      2 |           9 | 0721       |    1037.7000003 |
|      2 |           9 | 0722       |    4006.9000138 |
|      2 |           9 | 0723       |    3909.9999996 |
|      2 |           9 | 0724       |      12.2500000 |
|      2 |           9 | 0732       |    3360.9499957 |
|      2 |           9 | 0733       |    1612.0000000 |
|      2 |           9 | 0736       |      56.0000000 |
|      2 |           9 | 0810       |       6.7500000 |
|      2 |           9 | 0820       |    1728.2500000 |
|      2 |           9 | 0830       |    4826.4000001 |
|      2 |           9 | 0911       |     959.2000000 |
|      2 |           9 | 0912       |     126.0000000 |
|      2 |           9 | 0913       |    1307.0499999 |
|      2 |           9 | 0914       |      50.3300000 |
|      2 |           9 | 0915       |     111.7500000 |
|      2 |           9 | 0922       |      15.2500000 |
|      2 |           9 | 0923       |       2.0000000 |
|      2 |           9 | 0931       |     712.6899999 |
|      2 |           9 | 0932       |      87.9500000 |
|      2 |           9 | 0933       |      58.0000000 |
|      2 |           9 | 0934       |       3.0000000 |
|      2 |           9 | 0941       |     668.6499999 |
|      2 |           9 | 0942       |     116.7500000 |
|      2 |           9 | 0951       |     531.4500001 |
|      2 |           9 | 0952       |      24.0999995 |
|      2 |           9 | 0953       |      11.7500000 |
|      2 |           9 | 0954       |    1184.0100008 |
|      2 |           9 | 0960       |     144.0000000 |
|      2 |           9 | 1010       |    1980.0000000 |
|      2 |           9 | 1020       |    2164.9999996 |
|      2 |           9 | 1030       |      20.0000000 |
|      2 |           9 | 1040       |     100.0000000 |
|      2 |           9 | 1050       |    1184.0500000 |
|      2 |           9 | 1111       |    2522.2000037 |
|      2 |           9 | 1112       |     823.0499998 |
|      2 |           9 | 1120       |      25.0000000 |
|      2 |           9 | 1211       |    1014.7499996 |
|      2 |           9 | 1212       |     120.7400000 |
|      2 |           9 | 1213       |    6490.0950078 |
|      2 |           9 | 1231       |    1549.1200000 |
|      2 |           9 | 1232       |    1014.5150005 |
|      2 |           9 | 1254       |     134.5000000 |
|      2 |           9 | 1262       |     165.0000001 |
|      2 |           9 | 1270       |    1536.6800007 |
|      2 |           9 | 1310       |    1366.7499996 |
|      2 |           9 | 1320       |   12664.9000014 |
|      2 |          10 | 0111       |    4265.3550072 |
|      2 |          10 | 0112       |    5954.3900019 |
|      2 |          10 | 0113       |    2232.1199986 |
|      2 |          10 | 0114       |    2460.9450026 |
|      2 |          10 | 0115       |     950.3000007 |
|      2 |          10 | 0116       |    1528.1999997 |
|      2 |          10 | 0117       |    2916.5109934 |
|      2 |          10 | 0118       |    1044.3550005 |
|      2 |          10 | 0119       |    1031.8749968 |
|      2 |          10 | 0121       |     501.4399998 |
|      2 |          10 | 0122       |    1536.2400005 |
|      2 |          10 | 0220       |     343.3500013 |
|      2 |          10 | 0311       |     603.7500002 |
|      2 |          10 | 0312       |   18221.9949986 |
|      2 |          10 | 0313       |     692.2050005 |
|      2 |          10 | 0314       |     868.9000018 |
|      2 |          10 | 0321       |    2877.7599990 |
|      2 |          10 | 0322       |      40.8100003 |
|      2 |          10 | 0411       |   59696.0000001 |
|      2 |          10 | 0431       |     393.0000000 |
|      2 |          10 | 0432       |     896.8500001 |
|      2 |          10 | 0441       |    1444.4999998 |
|      2 |          10 | 0442       |    1132.7499996 |
|      2 |          10 | 0443       |       1.4000000 |
|      2 |          10 | 0451       |    2379.2499997 |
|      2 |          10 | 0452       |     406.9999995 |
|      2 |          10 | 0453       |       7.0500000 |
|      2 |          10 | 0454       |      77.5349998 |
|      2 |          10 | 0511       |    4109.3300001 |
|      2 |          10 | 0512       |     678.7000000 |
|      2 |          10 | 0513       |       5.0000000 |
|      2 |          10 | 0520       |    2544.5099980 |
|      2 |          10 | 0531       |    2215.4400001 |
|      2 |          10 | 0532       |    1318.2250000 |
|      2 |          10 | 0533       |     813.7499999 |
|      2 |          10 | 0540       |    3333.1300022 |
|      2 |          10 | 0551       |      17.7450000 |
|      2 |          10 | 0552       |    1153.2799995 |
|      2 |          10 | 0561       |    4694.8549983 |
|      2 |          10 | 0562       |    1496.5499996 |
|      2 |          10 | 0611       |     881.1599991 |
|      2 |          10 | 0612       |      91.4999999 |
|      2 |          10 | 0613       |     411.0000000 |
|      2 |          10 | 0621       |     262.5000000 |
|      2 |          10 | 0622       |      87.0000000 |
|      2 |          10 | 0623       |     131.3000000 |
|      2 |          10 | 0624       |     206.0000000 |
|      2 |          10 | 0630       |      11.5000000 |
|      2 |          10 | 0721       |    1158.2000000 |
|      2 |          10 | 0722       |    9867.6100038 |
|      2 |          10 | 0723       |    3180.7999996 |
|      2 |          10 | 0724       |      87.4499998 |
|      2 |          10 | 0732       |    2805.6000068 |
|      2 |          10 | 0733       |    1400.0000000 |
|      2 |          10 | 0736       |      97.9999999 |
|      2 |          10 | 0810       |       7.0000000 |
|      2 |          10 | 0820       |    3015.3300003 |
|      2 |          10 | 0830       |    7234.3530001 |
|      2 |          10 | 0911       |     905.1100000 |
|      2 |          10 | 0912       |     124.5000000 |
|      2 |          10 | 0913       |     641.4400001 |
|      2 |          10 | 0914       |     111.2200000 |
|      2 |          10 | 0915       |     136.0000000 |
|      2 |          10 | 0922       |       9.0000000 |
|      2 |          10 | 0931       |     803.4399994 |
|      2 |          10 | 0932       |     111.2650000 |
|      2 |          10 | 0933       |     151.0250000 |
|      2 |          10 | 0934       |     105.4000000 |
|      2 |          10 | 0935       |       1.2500000 |
|      2 |          10 | 0941       |    1433.4499999 |
|      2 |          10 | 0942       |     180.8100002 |
|      2 |          10 | 0951       |     116.5500000 |
|      2 |          10 | 0952       |      94.6000021 |
|      2 |          10 | 0953       |       4.0000000 |
|      2 |          10 | 0954       |    4714.9099931 |
|      2 |          10 | 0960       |      85.0000000 |
|      2 |          10 | 1010       |    3022.0000000 |
|      2 |          10 | 1020       |    6750.0000003 |
|      2 |          10 | 1030       |     110.0000000 |
|      2 |          10 | 1040       |    2298.9999999 |
|      2 |          10 | 1050       |     518.0000000 |
|      2 |          10 | 1111       |    4913.1700112 |
|      2 |          10 | 1112       |     904.4999986 |
|      2 |          10 | 1120       |      15.0000000 |
|      2 |          10 | 1211       |    1771.5499993 |
|      2 |          10 | 1212       |     207.9800000 |
|      2 |          10 | 1213       |    9628.6440106 |
|      2 |          10 | 1231       |    2088.4750004 |
|      2 |          10 | 1232       |    1486.7999999 |
|      2 |          10 | 1254       |      83.0000000 |
|      2 |          10 | 1262       |     217.4999997 |
|      2 |          10 | 1270       |    6453.3400040 |
|      2 |          10 | 1310       |    1944.4499994 |
|      2 |          10 | 1320       |   14702.2999991 |
|      2 |          11 | 0111       |    5309.5100060 |
|      2 |          11 | 0112       |    7608.5759998 |
|      2 |          11 | 0113       |    3163.8250008 |
|      2 |          11 | 0114       |    3131.4249919 |
|      2 |          11 | 0115       |     885.6500001 |
|      2 |          11 | 0116       |    1915.5499961 |
|      2 |          11 | 0117       |    2911.2889971 |
|      2 |          11 | 0118       |    1207.8049978 |
|      2 |          11 | 0119       |    1380.1159956 |
|      2 |          11 | 0121       |     589.9050021 |
|      2 |          11 | 0122       |    3019.7999928 |
|      2 |          11 | 0220       |     317.2099995 |
|      2 |          11 | 0311       |     686.3999999 |
|      2 |          11 | 0312       |   19086.3199994 |
|      2 |          11 | 0313       |     707.4800000 |
|      2 |          11 | 0314       |    1210.8499988 |
|      2 |          11 | 0321       |    3838.6299993 |
|      2 |          11 | 0322       |      50.6850001 |
|      2 |          11 | 0411       |   64121.0000001 |
|      2 |          11 | 0421       |    1260.0000000 |
|      2 |          11 | 0431       |     413.2350000 |
|      2 |          11 | 0432       |     957.7500000 |
|      2 |          11 | 0441       |    1404.1999991 |
|      2 |          11 | 0442       |    1347.0000003 |
|      2 |          11 | 0443       |      10.0000000 |
|      2 |          11 | 0451       |    2224.2500000 |
|      2 |          11 | 0452       |     339.1449999 |
|      2 |          11 | 0453       |      23.9250000 |
|      2 |          11 | 0454       |     126.8050001 |
|      2 |          11 | 0511       |    4179.6350004 |
|      2 |          11 | 0512       |    1112.9900000 |
|      2 |          11 | 0513       |       8.0000000 |
|      2 |          11 | 0520       |    3433.2200022 |
|      2 |          11 | 0531       |    2465.2300000 |
|      2 |          11 | 0532       |    1626.2750002 |
|      2 |          11 | 0540       |    4843.9799956 |
|      2 |          11 | 0551       |      13.9000000 |
|      2 |          11 | 0552       |     882.8450009 |
|      2 |          11 | 0561       |    5374.3799971 |
|      2 |          11 | 0611       |    1392.9350001 |
|      2 |          11 | 0612       |      57.3849999 |
|      2 |          11 | 0613       |     518.7500000 |
|      2 |          11 | 0622       |     100.0000000 |
|      2 |          11 | 0623       |     180.0000000 |
|      2 |          11 | 0624       |    1028.0000000 |
|      2 |          11 | 0630       |     447.0000000 |
|      2 |          11 | 0712       |      18.0000000 |
|      2 |          11 | 0713       |      35.0000000 |
|      2 |          11 | 0721       |    2248.5949998 |
|      2 |          11 | 0722       |    6788.0549721 |
|      2 |          11 | 0723       |    3863.4199994 |
|      2 |          11 | 0724       |      57.7499999 |
|      2 |          11 | 0732       |    1552.0000048 |
|      2 |          11 | 0733       |    6000.2000000 |
|      2 |          11 | 0736       |      51.0000000 |
|      2 |          11 | 0810       |      45.0000000 |
|      2 |          11 | 0820       |    3859.1399999 |
|      2 |          11 | 0830       |    7111.3000053 |
|      2 |          11 | 0911       |    1528.1500000 |
|      2 |          11 | 0912       |     108.7500000 |
|      2 |          11 | 0913       |    1881.7200000 |
|      2 |          11 | 0914       |     186.4999999 |
|      2 |          11 | 0915       |     151.8200000 |
|      2 |          11 | 0922       |      52.0000000 |
|      2 |          11 | 0923       |       6.5000000 |
|      2 |          11 | 0931       |     927.7849996 |
|      2 |          11 | 0932       |     168.5000000 |
|      2 |          11 | 0933       |      91.1500000 |
|      2 |          11 | 0934       |      11.2500000 |
|      2 |          11 | 0935       |      15.0000000 |
|      2 |          11 | 0941       |    1535.5000008 |
|      2 |          11 | 0942       |     217.8500000 |
|      2 |          11 | 0951       |     525.5400004 |
|      2 |          11 | 0952       |      95.9500006 |
|      2 |          11 | 0953       |      20.0000000 |
|      2 |          11 | 0954       |    2778.0100004 |
|      2 |          11 | 0960       |     432.5000000 |
|      2 |          11 | 1010       |    3651.9999999 |
|      2 |          11 | 1020       |   13232.9999997 |
|      2 |          11 | 1040       |    1610.0000000 |
|      2 |          11 | 1050       |    1526.4000000 |
|      2 |          11 | 1111       |    4429.9929941 |
|      2 |          11 | 1112       |    1093.7000014 |
|      2 |          11 | 1120       |     405.0000000 |
|      2 |          11 | 1211       |    1604.4500015 |
|      2 |          11 | 1212       |     143.5500001 |
|      2 |          11 | 1213       |    8660.2050028 |
|      2 |          11 | 1231       |    1860.6999984 |
|      2 |          11 | 1232       |    2107.5300007 |
|      2 |          11 | 1254       |     170.5000000 |
|      2 |          11 | 1262       |     263.0000000 |
|      2 |          11 | 1270       |    5207.9799986 |
|      2 |          11 | 1310       |    2370.4500000 |
|      2 |          11 | 1320       |   14825.9819997 |
|      2 |          12 | 0111       |    4802.5849853 |
|      2 |          12 | 0112       |    5720.0199996 |
|      2 |          12 | 0113       |    2694.4149997 |
|      2 |          12 | 0114       |    2920.9960069 |
|      2 |          12 | 0115       |     997.4500003 |
|      2 |          12 | 0116       |    1846.9700016 |
|      2 |          12 | 0117       |    2940.7050053 |
|      2 |          12 | 0118       |    1156.5849992 |
|      2 |          12 | 0119       |    1046.9550021 |
|      2 |          12 | 0121       |     560.4199964 |
|      2 |          12 | 0122       |    1280.2600050 |
|      2 |          12 | 0220       |     410.7340002 |
|      2 |          12 | 0311       |     940.5000000 |
|      2 |          12 | 0312       |   21756.4100004 |
|      2 |          12 | 0313       |     942.8749995 |
|      2 |          12 | 0314       |    1424.7000032 |
|      2 |          12 | 0321       |    3083.6100003 |
|      2 |          12 | 0322       |      38.4799997 |
|      2 |          12 | 0411       |   62319.0000000 |
|      2 |          12 | 0431       |     465.7300000 |
|      2 |          12 | 0432       |     679.0000000 |
|      2 |          12 | 0441       |    1342.0000000 |
|      2 |          12 | 0442       |    1135.0000005 |
|      2 |          12 | 0443       |      15.4500000 |
|      2 |          12 | 0451       |    2345.4999998 |
|      2 |          12 | 0452       |     320.9899996 |
|      2 |          12 | 0453       |       1.1000000 |
|      2 |          12 | 0454       |      95.4250000 |
|      2 |          12 | 0511       |    2113.5599996 |
|      2 |          12 | 0512       |     665.4500000 |
|      2 |          12 | 0513       |      14.0000000 |
|      2 |          12 | 0520       |    2801.0050012 |
|      2 |          12 | 0531       |    2209.8400002 |
|      2 |          12 | 0532       |     942.5349999 |
|      2 |          12 | 0533       |     666.9999999 |
|      2 |          12 | 0540       |    3166.3700019 |
|      2 |          12 | 0551       |      16.8900000 |
|      2 |          12 | 0552       |    1173.7199992 |
|      2 |          12 | 0561       |    4359.1899981 |
|      2 |          12 | 0562       |    2347.9399994 |
|      2 |          12 | 0611       |    1195.3750007 |
|      2 |          12 | 0612       |      63.1350000 |
|      2 |          12 | 0613       |     647.6500001 |
|      2 |          12 | 0621       |     429.5000001 |
|      2 |          12 | 0622       |      62.0000000 |
|      2 |          12 | 0623       |     172.0000000 |
|      2 |          12 | 0624       |     104.0000000 |
|      2 |          12 | 0713       |      58.2500000 |
|      2 |          12 | 0721       |    1346.3099994 |
|      2 |          12 | 0722       |    8245.1750216 |
|      2 |          12 | 0723       |    3412.2950002 |
|      2 |          12 | 0724       |      21.3999999 |
|      2 |          12 | 0732       |    1949.0999901 |
|      2 |          12 | 0733       |    4293.0000000 |
|      2 |          12 | 0736       |      56.0000000 |
|      2 |          12 | 0810       |       8.0000000 |
|      2 |          12 | 0820       |    3502.0899993 |
|      2 |          12 | 0830       |    7377.5999936 |
|      2 |          12 | 0911       |    1742.3500000 |
|      2 |          12 | 0912       |     131.0000000 |
|      2 |          12 | 0913       |     544.7999999 |
|      2 |          12 | 0914       |      96.9450000 |
|      2 |          12 | 0915       |     134.5000000 |
|      2 |          12 | 0922       |      96.0000000 |
|      2 |          12 | 0923       |      10.5000000 |
|      2 |          12 | 0931       |     878.0450001 |
|      2 |          12 | 0932       |     387.1800000 |
|      2 |          12 | 0933       |     129.2000000 |
|      2 |          12 | 0934       |      26.0300000 |
|      2 |          12 | 0941       |     893.0000002 |
|      2 |          12 | 0942       |     177.8100000 |
|      2 |          12 | 0951       |     326.1000000 |
|      2 |          12 | 0952       |     154.1500003 |
|      2 |          12 | 0953       |      24.3000000 |
|      2 |          12 | 0954       |    1915.0649973 |
|      2 |          12 | 0960       |     132.5000000 |
|      2 |          12 | 1010       |    3973.0000000 |
|      2 |          12 | 1020       |    5075.9999996 |
|      2 |          12 | 1030       |      96.0000000 |
|      2 |          12 | 1040       |      40.0000000 |
|      2 |          12 | 1050       |     648.0000000 |
|      2 |          12 | 1111       |    4590.2700020 |
|      2 |          12 | 1112       |     906.8499996 |
|      2 |          12 | 1211       |    1786.2000011 |
|      2 |          12 | 1212       |     179.8250002 |
|      2 |          12 | 1213       |    9336.2100023 |
|      2 |          12 | 1231       |    2025.6899998 |
|      2 |          12 | 1232       |    1661.9899999 |
|      2 |          12 | 1254       |      39.0000000 |
|      2 |          12 | 1262       |     252.0000000 |
|      2 |          12 | 1270       |    5180.9000028 |
|      2 |          12 | 1310       |    1568.8499999 |
|      2 |          12 | 1320       |   11395.9360012 |
|      2 |          13 | 0111       |    6178.6499865 |
|      2 |          13 | 0112       |    5501.4300022 |
|      2 |          13 | 0113       |    1917.5700000 |
|      2 |          13 | 0114       |    2253.9699971 |
|      2 |          13 | 0115       |     814.1379998 |
|      2 |          13 | 0116       |    1445.6299969 |
|      2 |          13 | 0117       |    2460.2739928 |
|      2 |          13 | 0118       |     837.1599995 |
|      2 |          13 | 0119       |    1026.4349969 |
|      2 |          13 | 0121       |     356.2949999 |
|      2 |          13 | 0122       |    1175.9480045 |
|      2 |          13 | 0220       |     158.5000007 |
|      2 |          13 | 0311       |     640.2500000 |
|      2 |          13 | 0312       |   14938.7499971 |
|      2 |          13 | 0313       |     558.4499992 |
|      2 |          13 | 0314       |     960.6500004 |
|      2 |          13 | 0321       |    2549.9900004 |
|      2 |          13 | 0322       |      52.4600001 |
|      2 |          13 | 0411       |   49664.0000000 |
|      2 |          13 | 0431       |     448.7000001 |
|      2 |          13 | 0432       |     645.0000000 |
|      2 |          13 | 0441       |    1171.7500004 |
|      2 |          13 | 0442       |     844.5000003 |
|      2 |          13 | 0443       |       5.0000000 |
|      2 |          13 | 0451       |    1838.9000000 |
|      2 |          13 | 0452       |     302.4999999 |
|      2 |          13 | 0453       |       1.6500000 |
|      2 |          13 | 0454       |      76.6799999 |
|      2 |          13 | 0511       |    3016.5850006 |
|      2 |          13 | 0512       |    1303.6200000 |
|      2 |          13 | 0520       |    3894.6499995 |
|      2 |          13 | 0531       |    2159.0400000 |
|      2 |          13 | 0532       |    1225.4250004 |
|      2 |          13 | 0533       |     855.9999999 |
|      2 |          13 | 0540       |    2864.5049997 |
|      2 |          13 | 0551       |      12.1000000 |
|      2 |          13 | 0552       |     667.4850000 |
|      2 |          13 | 0561       |    3855.5919975 |
|      2 |          13 | 0562       |    1137.0000011 |
|      2 |          13 | 0611       |     903.1800006 |
|      2 |          13 | 0613       |     560.7500000 |
|      2 |          13 | 0621       |     512.9999999 |
|      2 |          13 | 0622       |     304.0000000 |
|      2 |          13 | 0623       |     201.0000000 |
|      2 |          13 | 0624       |     312.0000000 |
|      2 |          13 | 0630       |      16.0000000 |
|      2 |          13 | 0711       |       1.3500000 |
|      2 |          13 | 0721       |    1440.3500000 |
|      2 |          13 | 0722       |   11805.6599715 |
|      2 |          13 | 0723       |    5154.6500000 |
|      2 |          13 | 0724       |      62.6500001 |
|      2 |          13 | 0732       |    1337.0500007 |
|      2 |          13 | 0734       |     420.0000000 |
|      2 |          13 | 0736       |     132.5000000 |
|      2 |          13 | 0820       |    2015.1000001 |
|      2 |          13 | 0830       |    6107.2500016 |
|      2 |          13 | 0911       |    1362.2000000 |
|      2 |          13 | 0912       |      81.5000000 |
|      2 |          13 | 0913       |    1242.5000000 |
|      2 |          13 | 0914       |      93.8849999 |
|      2 |          13 | 0922       |      22.5800000 |
|      2 |          13 | 0923       |       4.0000000 |
|      2 |          13 | 0931       |     634.1900000 |
|      2 |          13 | 0933       |     209.0999999 |
|      2 |          13 | 0934       |      53.4300001 |
|      2 |          13 | 0941       |    1199.6000000 |
|      2 |          13 | 0942       |     225.0000000 |
|      2 |          13 | 0952       |     125.0000010 |
|      2 |          13 | 0953       |      13.5000000 |
|      2 |          13 | 0954       |    2131.9100038 |
|      2 |          13 | 0960       |     365.7000000 |
|      2 |          13 | 1010       |    6565.0000000 |
|      2 |          13 | 1020       |    3019.4999998 |
|      2 |          13 | 1030       |     100.0000000 |
|      2 |          13 | 1040       |    1890.0000000 |
|      2 |          13 | 1111       |    3934.7599972 |
|      2 |          13 | 1112       |     568.4500030 |
|      2 |          13 | 1211       |    1582.1000002 |
|      2 |          13 | 1212       |     223.1500001 |
|      2 |          13 | 1213       |    5559.5400046 |
|      2 |          13 | 1231       |    1203.6499992 |
|      2 |          13 | 1232       |    1613.1399994 |
|      2 |          13 | 1254       |     116.5000000 |
|      2 |          13 | 1262       |     174.0000000 |
|      2 |          13 | 1270       |    6089.2699998 |
|      2 |          13 | 1310       |    2053.9999999 |
|      2 |          13 | 1320       |   13843.2099999 |
|      2 |          14 | 0111       |    3153.7650059 |
|      2 |          14 | 0112       |    5272.7379986 |
|      2 |          14 | 0113       |    1537.1100002 |
|      2 |          14 | 0114       |    2170.9389976 |
|      2 |          14 | 0115       |     871.8390006 |
|      2 |          14 | 0116       |    1565.1879983 |
|      2 |          14 | 0117       |    2147.6749995 |
|      2 |          14 | 0118       |    1157.8600028 |
|      2 |          14 | 0119       |     803.2249997 |
|      2 |          14 | 0121       |     335.5549993 |
|      2 |          14 | 0122       |    1340.2000026 |
|      2 |          14 | 0220       |     496.0700017 |
|      2 |          14 | 0311       |     820.5000000 |
|      2 |          14 | 0312       |   17868.1599908 |
|      2 |          14 | 0313       |    1050.9500001 |
|      2 |          14 | 0314       |    1139.9500005 |
|      2 |          14 | 0321       |    2558.1000002 |
|      2 |          14 | 0322       |      12.3500000 |
|      2 |          14 | 0411       |   51140.0000001 |
|      2 |          14 | 0421       |      50.0000000 |
|      2 |          14 | 0431       |     376.4499999 |
|      2 |          14 | 0432       |    1134.2500000 |
|      2 |          14 | 0441       |    1058.0000001 |
|      2 |          14 | 0442       |    1052.9999998 |
|      2 |          14 | 0443       |       2.0000000 |
|      2 |          14 | 0451       |    1775.0000000 |
|      2 |          14 | 0452       |     256.0150004 |
|      2 |          14 | 0454       |      81.3700000 |
|      2 |          14 | 0511       |    4592.6649998 |
|      2 |          14 | 0512       |     694.3000001 |
|      2 |          14 | 0513       |       3.0000000 |
|      2 |          14 | 0520       |    2475.8399993 |
|      2 |          14 | 0531       |    2609.4400000 |
|      2 |          14 | 0532       |     919.3699999 |
|      2 |          14 | 0533       |     593.0000000 |
|      2 |          14 | 0540       |    3524.2000005 |
|      2 |          14 | 0552       |     586.2700010 |
|      2 |          14 | 0561       |    4735.0560005 |
|      2 |          14 | 0562       |    2244.8900008 |
|      2 |          14 | 0611       |     754.2200002 |
|      2 |          14 | 0612       |      98.6350000 |
|      2 |          14 | 0613       |     306.7000000 |
|      2 |          14 | 0621       |     250.0000000 |
|      2 |          14 | 0622       |     307.0000000 |
|      2 |          14 | 0623       |       5.5000000 |
|      2 |          14 | 0624       |     555.0000000 |
|      2 |          14 | 0630       |     200.0000000 |
|      2 |          14 | 0713       |     216.5000000 |
|      2 |          14 | 0721       |    2016.1999997 |
|      2 |          14 | 0722       |    6291.0499932 |
|      2 |          14 | 0723       |    3884.2949990 |
|      2 |          14 | 0724       |     222.2499999 |
|      2 |          14 | 0732       |    2684.0500071 |
|      2 |          14 | 0733       |    5142.0000000 |
|      2 |          14 | 0734       |      11.0000000 |
|      2 |          14 | 0736       |      35.0000000 |
|      2 |          14 | 0820       |    1847.6499996 |
|      2 |          14 | 0830       |    5904.5599969 |
|      2 |          14 | 0911       |    1349.9400000 |
|      2 |          14 | 0912       |      89.0000000 |
|      2 |          14 | 0913       |    1167.9200000 |
|      2 |          14 | 0914       |      99.8400000 |
|      2 |          14 | 0915       |     188.0000000 |
|      2 |          14 | 0922       |     140.0000000 |
|      2 |          14 | 0923       |     322.0000000 |
|      2 |          14 | 0931       |     905.5000000 |
|      2 |          14 | 0932       |      59.7000000 |
|      2 |          14 | 0933       |      93.1000002 |
|      2 |          14 | 0934       |      66.5000000 |
|      2 |          14 | 0941       |    1418.5500003 |
|      2 |          14 | 0942       |     187.6500000 |
|      2 |          14 | 0951       |     485.8000010 |
|      2 |          14 | 0952       |     151.8999988 |
|      2 |          14 | 0954       |     983.0249996 |
|      2 |          14 | 0960       |     153.0000000 |
|      2 |          14 | 1010       |    4859.4999999 |
|      2 |          14 | 1020       |    4932.0000000 |
|      2 |          14 | 1040       |     130.0000000 |
|      2 |          14 | 1050       |     771.0000000 |
|      2 |          14 | 1111       |    4393.2699965 |
|      2 |          14 | 1112       |     596.3999996 |
|      2 |          14 | 1120       |     400.0000000 |
|      2 |          14 | 1211       |    1556.6250003 |
|      2 |          14 | 1212       |     213.1399998 |
|      2 |          14 | 1213       |    9661.9050399 |
|      2 |          14 | 1231       |    1830.9500001 |
|      2 |          14 | 1232       |    1410.0899996 |
|      2 |          14 | 1254       |      58.0000000 |
|      2 |          14 | 1262       |     118.5000000 |
|      2 |          14 | 1270       |    7491.2999999 |
|      2 |          14 | 1310       |     826.6000002 |
|      2 |          14 | 1320       |   12151.9500003 |
|      2 |          15 | 0322       |    1039.8900000 |
|      2 |          15 | 0411       |  695288.9999999 |
|      2 |          15 | 0443       |    1120.3650000 |
|      2 |          15 | 0453       |    3183.3799997 |
|      2 |          15 | 0454       |    6980.9999925 |
|      2 |          15 | 0513       |    1859.2500000 |
|      2 |          15 | 0551       |    2548.0850001 |
|      2 |          15 | 0612       |    2759.2800004 |
|      2 |          15 | 0622       |   23381.7000003 |
|      2 |          15 | 0623       |   16888.2749998 |
|      2 |          15 | 0624       |    5432.0000000 |
|      2 |          15 | 0630       |   70620.1400004 |
|      2 |          15 | 0711       |  108698.5000000 |
|      2 |          15 | 0714       |    1459.2500000 |
|      2 |          15 | 0732       |   14144.2499976 |
|      2 |          15 | 0734       |     447.0000000 |
|      2 |          15 | 0736       |    1747.8500001 |
|      2 |          15 | 0810       |     461.9900000 |
|      2 |          15 | 0912       |    6132.5300000 |
|      2 |          15 | 0913       |   56216.8489998 |
|      2 |          15 | 0914       |    5909.0749968 |
|      2 |          15 | 0915       |    4882.5000007 |
|      2 |          15 | 0923       |     863.1000004 |
|      2 |          15 | 0933       |   16576.9949995 |
|      2 |          15 | 0935       |     183.3100000 |
|      2 |          15 | 0951       |    7958.9899992 |
|      2 |          15 | 0953       |    3346.3499995 |
|      2 |          15 | 0960       |   57980.0500001 |
|      2 |          15 | 1050       |   62923.0500020 |
|      2 |          15 | 1262       |    6831.1000000 |
+--------+-------------+------------+-----------------+
1275 rows in set (3 min 42.47 sec)
