mysql> SELECT FS_ID,SUM(CY) AS CY,COUNT(MEM_ID) AS EARNERS FROM INCOME_MEM_EARNERS WHERE CY<>0 GROUP BY FS_ID ;
+-------+-------+---------+
| FS_ID | CY    | EARNERS |
+-------+-------+---------+
|     1 |  8634 |       2 |
|     5 |   633 |       2 |
|     8 |  4827 |       1 |
|    10 |  3633 |       4 |
|    11 |  5931 |       4 |
|    12 |  1290 |       2 |
|    13 |  1470 |       2 |
|    21 |  2364 |       5 |
|    23 |   966 |       1 |
|    24 |   972 |       2 |
|    27 |  1701 |       2 |
|    28 |  1995 |       3 |
|    29 |  3666 |       5 |
|    30 |  1287 |       3 |
|    32 |  6054 |       2 |
|    33 |   807 |       1 |
|    34 |  2190 |       3 |
|    35 |  2415 |       3 |
|    45 |  6375 |       1 |
|    46 | 24216 |       2 |
|    50 |  1740 |       2 |
|    52 |   639 |       1 |
|    53 |  5970 |       4 |
|    61 |  4500 |       1 |
|    65 | 20184 |       5 |
|    66 |  4500 |       1 |
|    67 |  8778 |       2 |
|    68 |  7134 |       2 |
|    70 |  4500 |       1 |
|    71 | 18768 |       3 |
|    73 | 27675 |       5 |
|    76 | 12483 |       2 |
|    77 |  2250 |       1 |
|    79 |  1500 |       1 |
|    80 |  6900 |       2 |
|    81 | 12123 |       3 |
|    84 |  4500 |       1 |
|    86 |  6816 |       2 |
|    87 |  6567 |       1 |
|    88 | 41778 |       4 |
|    91 |  2136 |       1 |
|    93 |  1800 |       1 |
|    95 |  6741 |       1 |
|    96 |  7707 |       2 |
|    97 | 16392 |       2 |
|    99 |  6567 |       1 |
|   100 |  4038 |       1 |
|   102 |  6756 |       1 |
|   103 |  6174 |       2 |
|   104 | 12024 |       2 |
|   106 |  3543 |       1 |
|   107 | 14274 |       1 |
|   108 |  1434 |       2 |
|   109 |  2724 |       2 |
|   110 |  4887 |       3 |
|   111 |  1923 |       2 |
|   112 |  1608 |       2 |
|   113 |   984 |       2 |
|   114 |   804 |       1 |
|   117 |   807 |       1 |
|   118 |  1290 |       2 |
|   120 | 14274 |       1 |
|   122 |  1440 |       3 |
|   123 |   798 |       1 |
|   125 |  2742 |       2 |
|   126 |  4677 |       2 |
|   128 |   546 |       1 |
|   130 |  3051 |       3 |
|   133 | 22335 |       2 |
|   134 |  6240 |       2 |
|   136 |  4500 |       1 |
|   137 | 12207 |       2 |
|   138 |  4200 |       1 |
|   140 | 17580 |       2 |
|   145 | 18123 |       2 |
|   146 | 18546 |       4 |
|   147 |  7992 |       1 |
|   148 |  6000 |       1 |
|   149 |  5400 |       1 |
|   150 | 13128 |       2 |
|   152 | 52200 |       1 |
|   153 |  3000 |       1 |
|   154 |  6060 |       2 |
|   155 |  4500 |       1 |
|   156 | 11991 |       1 |
|   161 |  7134 |       1 |
|   163 |  9567 |       2 |
|   164 | 18123 |       4 |
|   166 | 12417 |       3 |
|   167 | 42543 |       9 |
|   170 |  6000 |       1 |
|   172 | 11109 |       2 |
|   174 |  4500 |       1 |
|   175 | 15195 |       2 |
|   177 | 11634 |       3 |
|   178 | 24111 |       4 |
|   179 | 19479 |       5 |
|   180 |  4500 |       1 |
|   181 |  4500 |       1 |
|   185 | 14127 |       3 |
|   186 |  4500 |       1 |
|   188 | 13059 |       3 |
|   190 |  8634 |       1 |
|   191 |  2787 |       2 |
|   195 | 18120 |       4 |
|   198 |  6000 |       1 |
|   201 | 10167 |       2 |
|   202 | 18123 |       2 |
|   205 | 13416 |       2 |
|   208 |  6567 |       2 |
|   209 | 16017 |       2 |
|   211 | 10521 |       2 |
|   212 |  4992 |       1 |
|   213 |  1500 |       1 |
|   215 | 10917 |       2 |
|   216 | 15051 |       2 |
|   217 |  4500 |       1 |
|   218 | 15690 |       4 |
|   219 | 28032 |       5 |
|   221 | 13266 |       2 |
|   223 | 23184 |       2 |
|   225 | 15333 |       4 |
|   226 | 10701 |       2 |
|   227 |  7716 |       2 |
|   229 |  5400 |       1 |
|   230 |  3993 |       1 |
|   231 | 10134 |       2 |
|   233 | 10035 |       1 |
|   234 | 13383 |       4 |
|   237 | 21615 |       4 |
|   239 |  8490 |       2 |
|   241 | 10557 |       3 |
|   242 | 13500 |       1 |
|   243 | 12591 |       2 |
|   244 | 25968 |       5 |
|   245 | 14481 |       3 |
|   246 | 10416 |       2 |
|   247 | 11412 |       2 |
|   249 | 15912 |       3 |
|   252 | 33909 |       6 |
|   254 | 13227 |       3 |
|   256 | 26328 |       2 |
|   258 | 25335 |       1 |
|   259 | 18012 |       2 |
|   261 | 17910 |       3 |
|   262 | 15804 |       2 |
|   264 | 18000 |       1 |
|   265 | 47415 |       6 |
|   266 | 26088 |       2 |
|   267 | 16101 |       2 |
|   268 |  5400 |       1 |
|   271 |  6000 |       1 |
|   272 |  5703 |       2 |
|   273 |  8673 |       2 |
|   274 |  8916 |       2 |
|   275 |  4635 |       1 |
|   276 | 18723 |       2 |
|   277 | 13230 |       2 |
|   278 | 14127 |       3 |
|   279 |  9135 |       2 |
|   280 | 16443 |       4 |
|   281 |  7707 |       2 |
|   282 |  9384 |       1 |
|   283 | 10203 |       1 |
|   286 | 11985 |       3 |
|   288 |  5577 |       1 |
|   289 |  6078 |       1 |
|   290 |  6993 |       2 |
|   291 |  4500 |       1 |
|   292 | 11634 |       1 |
|   293 |  6900 |       2 |
|   295 | 12060 |       2 |
|   297 | 12417 |       2 |
|   300 | 11703 |       2 |
|   301 |  3207 |       1 |
|   302 | 23268 |       2 |
|   303 | 14841 |       2 |
|   304 | 11712 |       2 |
|   306 |  4500 |       1 |
|   308 |  7707 |       2 |
|   309 | 16935 |       2 |
|   310 | 11634 |       1 |
|   312 | 13056 |       2 |
|   313 | 20718 |       5 |
|   314 | 16263 |       4 |
|   316 | 10695 |       2 |
|   317 | 22398 |       4 |
|   318 |  7767 |       3 |
|   319 | 15300 |       2 |
|   320 |  2100 |       1 |
|   323 |  6135 |       1 |
|   324 |  8928 |       2 |
|   325 |  6501 |       2 |
|   326 |  8007 |       2 |
|   327 |  1800 |       1 |
|   328 | 11892 |       2 |
|   329 | 11913 |       4 |
|   330 | 14970 |       3 |
|   333 |  4707 |       2 |
|   334 |  5133 |       1 |
|   335 |  1500 |       1 |
|   336 |  9162 |       2 |
|   337 | 11460 |       2 |
|   338 | 13413 |       2 |
|   339 | 13551 |       2 |
|   340 | 10890 |       2 |
|   341 |  9915 |       2 |
|   347 |  2238 |       1 |
|   348 |  2190 |       1 |
|   349 |  5061 |       2 |
|   351 |   966 |       1 |
|   358 |  4878 |       2 |
|   359 |  1290 |       1 |
|   360 |   642 |       2 |
|   365 |  3216 |       1 |
|   366 |  6417 |       2 |
|   368 |  1929 |       1 |
|   369 |   780 |       2 |
|   372 |  1809 |       1 |
|   375 |  1230 |       2 |
|   376 |  9327 |       2 |
|   378 |  8046 |       1 |
|   380 |  2895 |       1 |
|   382 |  2313 |       4 |
|   383 |   720 |       3 |
|   384 |  3453 |       2 |
|   389 |  2136 |       1 |
|   393 | 11052 |       2 |
|   400 |  4992 |       1 |
|   409 |  4671 |       1 |
|   412 |  7062 |       1 |
|   414 |  7575 |       2 |
|   415 |  8343 |       2 |
|   417 |  4320 |       1 |
|   420 |  3300 |       1 |
|   422 |  4170 |       1 |
|   423 |  9222 |       1 |
|   425 | 11145 |       2 |
|   426 | 13989 |       2 |
|   429 |  1500 |       1 |
|   430 |  1488 |       1 |
|   432 |  3192 |       1 |
|   434 |  1530 |       1 |
|   436 |  1482 |       2 |
|   438 |  4269 |       3 |
|   442 |  2607 |       2 |
|   443 |  2094 |       2 |
|   444 |  3126 |       2 |
|   446 |  2112 |       2 |
|   447 |  1452 |       1 |
|   449 |  2736 |       2 |
|   450 |  3705 |       3 |
|   452 |  2730 |       1 |
|   453 |  3648 |       2 |
|   454 |  2574 |       2 |
|   455 |  2973 |       2 |
|   456 |  3156 |       3 |
|   458 |  1350 |       1 |
|   461 |  1890 |       2 |
|   462 |  1548 |       1 |
|   463 |  2127 |       2 |
|   464 |  1887 |       2 |
|   465 |  3198 |       3 |
|   466 |  1955 |       2 |
|   468 |  1548 |       1 |
|   470 |  2580 |       1 |
|   471 |  2097 |       1 |
|   472 |  2775 |       2 |
|   473 |  2709 |       1 |
|   474 |  2895 |       2 |
|   475 |  2094 |       2 |
|   476 |  1290 |       1 |
|   477 |  1932 |       1 |
|   478 |  3435 |       2 |
|   479 |  2097 |       1 |
|   480 |  1500 |       1 |
|   481 |  7422 |       2 |
|   482 |  2352 |       2 |
|   483 |  2094 |       2 |
|   484 |  3300 |       1 |
|   485 |  1356 |       1 |
|   487 |  2193 |       2 |
|   490 |  1350 |       1 |
|   491 |  3096 |       2 |
|   493 |  4833 |       1 |
|   494 |  1350 |       1 |
|   495 |  1611 |       1 |
|   496 |  1932 |       1 |
|   497 |  2028 |       2 |
|   500 |  2256 |       1 |
|   501 |  2742 |       2 |
|   507 |  3195 |       2 |
|   508 |  1479 |       2 |
|   509 |  1677 |       1 |
|   510 |  1548 |       1 |
|   511 |  1677 |       1 |
|   512 |  8628 |       2 |
|   513 |  5001 |       2 |
|   514 |  1515 |       1 |
|   515 |  4947 |       3 |
|   516 |  2838 |       1 |
|   517 |  1998 |       2 |
|   518 |  3291 |       2 |
|   519 |  1356 |       1 |
|   520 |  2586 |       1 |
|   521 |  2904 |       1 |
|   523 |  3597 |       2 |
|   525 |  4836 |       2 |
|   528 |  2808 |       2 |
|   529 |  1776 |       1 |
|   531 |  2976 |       2 |
|   532 |  2574 |       1 |
|   533 |   900 |       1 |
|   534 |  2094 |       1 |
|   535 |  1950 |       1 |
|   536 |  2739 |       1 |
|   538 |  2736 |       1 |
|   539 |  1614 |       1 |
|   541 |  4644 |       2 |
|   542 |  6090 |       2 |
|   543 |  1935 |       1 |
|   544 |  2316 |       2 |
|   545 |  4494 |       2 |
|   546 |  2259 |       1 |
|   547 |  1806 |       1 |
|   548 |  3015 |       2 |
|   549 |  2178 |       2 |
|   550 |  2259 |       1 |
|   551 |  2097 |       1 |
|   552 |  3066 |       2 |
|   553 |  2253 |       2 |
|   555 |  1287 |       2 |
|   560 |  3123 |       2 |
|   561 |  3165 |       2 |
|   563 |  4029 |       1 |
|   564 |  3222 |       2 |
|   565 | 12204 |       4 |
|   566 |  3327 |       2 |
|   567 |  2571 |       2 |
|   568 |  1170 |       2 |
|   571 |  1800 |       1 |
|   572 |  1932 |       1 |
|   573 |  2904 |       1 |
|   575 |  2739 |       2 |
|   577 |  3864 |       1 |
|   579 |  3867 |       1 |
|   580 |  1374 |       1 |
|   581 |  1762 |       1 |
|   582 |  3933 |       2 |
|   583 |  2064 |       1 |
|   584 |  2739 |       1 |
|   586 |  2817 |       3 |
|   587 |  3645 |       1 |
|   588 |  2064 |       1 |
|   590 |  1806 |       1 |
|   592 |  1872 |       1 |
|   596 |  2624 |       1 |
|   597 |  1842 |       2 |
|   598 |  4785 |       2 |
|   599 |  4206 |       3 |
|   601 |  2967 |       2 |
|   602 |  3873 |       1 |
|   603 |  2701 |       1 |
|   605 |  2088 |       1 |
|   606 |  3030 |       2 |
|   607 |  2262 |       2 |
|   608 |  1578 |       1 |
|   609 |  2235 |       1 |
|   610 |  2043 |       1 |
|   611 |  1935 |       1 |
|   612 |  3786 |       2 |
|   614 |  4320 |       1 |
|   615 |  2808 |       2 |
|   617 |  5130 |       2 |
|   621 |  5337 |       2 |
|   622 |  5211 |       4 |
|   627 |  1773 |       3 |
|   630 |  2250 |       1 |
|   631 |  5418 |       3 |
|   632 |  3243 |       2 |
|   634 |  1407 |       2 |
|   637 |  2028 |       2 |
|   638 |  1200 |       1 |
|   640 |  1950 |       1 |
|   641 |  1449 |       1 |
|   642 |  1935 |       1 |
|   643 |  3303 |       3 |
|   646 |   936 |       1 |
|   650 |  2334 |       2 |
|   653 |  1353 |       2 |
|   654 |  3873 |       1 |
|   655 |  2250 |       1 |
|   657 |  3453 |       2 |
|   658 |  4338 |       2 |
|   660 |  2643 |       3 |
|   662 |  1380 |       1 |
|   664 |  1479 |       1 |
|   665 |  2064 |       1 |
|   666 |  4008 |       2 |
|   667 |   900 |       1 |
|   668 |  1050 |       1 |
|   669 |  2172 |       2 |
|   670 |  2742 |       2 |
|   671 |  3831 |       1 |
|   672 |  1449 |       1 |
|   673 |  2409 |       1 |
|   674 |  1515 |       1 |
|   675 |  5994 |       3 |
|   677 |  2415 |       2 |
|   678 |  2709 |       3 |
|   679 |  2256 |       2 |
|   680 |  4839 |       3 |
|   681 |  2253 |       1 |
|   682 |  3750 |       2 |
|   683 |  5808 |       2 |
|   684 |  2901 |       1 |
|   685 |  4104 |       3 |
|   686 |  3066 |       2 |
|   687 |  1800 |       1 |
|   688 |  6108 |       2 |
|   690 |  2094 |       2 |
|   691 |  1818 |       2 |
|   693 |  5154 |       1 |
|   694 |  2253 |       2 |
|   695 |  4200 |       2 |
|   696 |  1029 |       1 |
|   697 |  2064 |       1 |
|   698 |  2250 |       1 |
|   699 |  1800 |       1 |
|   701 |  3126 |       2 |
|   702 |  2712 |       2 |
|   703 |  1854 |       2 |
|   704 |  1704 |       2 |
|   705 |  1911 |       1 |
|   707 |  1128 |       1 |
|   708 |  2259 |       1 |
|   709 |  4344 |       2 |
|   710 |  2583 |       2 |
|   711 |  1614 |       1 |
|   713 |  2091 |       1 |
|   714 |  1092 |       1 |
|   715 |  1500 |       1 |
|   716 |  2724 |       2 |
|   718 |  2499 |       1 |
|   719 |  3015 |       2 |
|   720 |  2169 |       2 |
|   722 |  2310 |       2 |
|   724 |  3174 |       2 |
|   726 |  1998 |       2 |
|   727 |  2736 |       2 |
|   729 |  3741 |       2 |
|   730 |  1371 |       1 |
|   731 |  2097 |       1 |
|   732 |  8697 |       2 |
|   733 |  3861 |       1 |
|   735 |  3057 |       2 |
|   736 |  2088 |       1 |
|   739 |  1677 |       1 |
|   740 |  1050 |       1 |
|   741 |  3054 |       2 |
|   742 |  1356 |       1 |
|   743 |  1938 |       1 |
|   744 |  2772 |       2 |
|   745 |  3258 |       3 |
|   746 |  2049 |       1 |
|   749 |  1158 |       1 |
|   750 |  3273 |       2 |
|   751 |  1809 |       1 |
|   752 |  3063 |       2 |
|   753 |  2823 |       2 |
|   754 |  2586 |       1 |
|   755 |  2445 |       1 |
|   756 |  2451 |       1 |
|   758 |  2925 |       1 |
|   759 |  2223 |       2 |
|   760 |  3264 |       2 |
|   761 |  7272 |       4 |
|   762 |  1935 |       1 |
|   763 |  2580 |       2 |
|   764 |  2577 |       2 |
|   766 |  5500 |       1 |
|   767 |  4550 |       1 |
|   774 |  6039 |       3 |
|   776 |  2085 |       1 |
|   777 |  5370 |       1 |
|   778 |  2805 |       2 |
|   780 |  1290 |       1 |
|   781 |  1935 |       1 |
|   783 |  1449 |       1 |
|   784 |  1290 |       1 |
|   785 |  1128 |       1 |
|   786 |  4515 |       3 |
|   787 |  3387 |       2 |
|   788 |  1608 |       1 |
|   789 |  1050 |       1 |
|   790 |   900 |       1 |
|   791 |  4656 |       2 |
|   792 |  2256 |       1 |
|   793 |  1452 |       1 |
|   795 |  3867 |       1 |
|   797 |  2421 |       1 |
|   798 |  3294 |       2 |
|   799 |  2583 |       1 |
|   800 |  2829 |       3 |
|   802 |  3000 |       1 |
|   803 |  1470 |       1 |
|   804 |  1110 |       1 |
|   805 |  1452 |       1 |
|   807 |  1806 |       1 |
|   808 |  3705 |       3 |
|   809 |  3003 |       3 |
|   810 |  2091 |       1 |
|   811 |  1935 |       1 |
|   812 |  4029 |       1 |
|   813 |  2904 |       2 |
|   814 |  5400 |       2 |
|   816 |  1050 |       2 |
|   817 |  1836 |       1 |
|   818 |  1440 |       1 |
|   823 |  1419 |       1 |
|   824 |  1800 |       1 |
|   825 |  3126 |       3 |
|   826 |  1950 |       1 |
|   828 |  2703 |       1 |
|   830 |  2583 |       1 |
|   831 |  2256 |       1 |
|   835 |  1200 |       1 |
|   837 |  3600 |       1 |
|   838 |  1614 |       1 |
|   839 |  2577 |       1 |
|   840 |  2652 |       2 |
|   842 |  2580 |       2 |
|   846 |  1350 |       2 |
|   847 |  2340 |       1 |
|   848 |  3549 |       2 |
|   849 |  1500 |       1 |
|   851 |  3600 |       1 |
|   852 |  2412 |       1 |
|   854 |  3531 |       1 |
|   855 |  6852 |       4 |
|   856 |  2892 |       1 |
|   859 |  1680 |       1 |
|   860 |  1386 |       1 |
|   861 |  2031 |       1 |
|   862 |  2499 |       1 |
|   864 |  2190 |       2 |
|   865 |  2574 |       2 |
|   866 |  2160 |       1 |
|   868 |  3309 |       2 |
|   869 |  2250 |       2 |
|   870 |  2577 |       2 |
|   871 |  2094 |       1 |
|   872 |  1611 |       1 |
|   874 |  1128 |       1 |
|   875 |  1452 |       1 |
|   876 |  2193 |       2 |
|   877 |  3225 |       2 |
|   878 |  2097 |       1 |
|   879 |  1800 |       1 |
|   880 |  1140 |       1 |
|   882 |  1365 |       2 |
|   885 |  1773 |       1 |
|   886 |  2403 |       1 |
|   887 |  2031 |       1 |
|   888 |  2565 |       1 |
|   889 |  1773 |       1 |
|   890 |  6492 |       2 |
|   891 |  2097 |       1 |
|   893 |  1200 |       1 |
|   894 |  2742 |       1 |
|   895 |  3549 |       2 |
|   899 |  4512 |       1 |
|   900 |  2259 |       1 |
|   902 |  2904 |       1 |
|   904 |  3345 |       3 |
|   906 |  6669 |       1 |
|   907 |  2904 |       1 |
|   908 |  3000 |       1 |
|   910 |  4188 |       2 |
|   911 |  4842 |       1 |
|   912 |  3228 |       1 |
|   913 |  3873 |       2 |
|   915 |  4542 |       3 |
|   916 |  3972 |       2 |
|   917 |  3486 |       2 |
|   918 |  3063 |       2 |
|   919 |  1890 |       1 |
|   921 |  4776 |       3 |
|   922 |  2895 |       2 |
|   923 |  1836 |       2 |
|   925 |  2256 |       2 |
|   926 |  1161 |       2 |
|   927 |  1872 |       1 |
|   928 |  2100 |       1 |
|   929 |  2100 |       1 |
|   930 |  1935 |       2 |
|   931 |  7098 |       2 |
|   933 |  4056 |       3 |
|   934 |  2889 |       1 |
|   936 |  4227 |       2 |
|   937 |  2916 |       2 |
|   938 |  2742 |       1 |
|   939 |  3036 |       1 |
|   942 |  2550 |       1 |
|   943 |  4035 |       2 |
|   944 |  1545 |       2 |
|   945 |  1383 |       2 |
|   946 |  2700 |       1 |
|   947 |  1935 |       2 |
|   949 |  2256 |       1 |
|   950 |  2421 |       1 |
|   951 |  2094 |       1 |
|   952 |  1452 |       1 |
|   954 |  2904 |       1 |
|   955 |  4401 |       2 |
|   956 |  4998 |       2 |
|   957 |  4476 |       2 |
|   958 |  3222 |       1 |
|   959 |  6765 |       2 |
|   960 |  4194 |       2 |
|   961 |  1608 |       1 |
|   964 |  5565 |       4 |
|   965 |  3600 |       1 |
|   967 |  3258 |       2 |
|   968 |  1452 |       1 |
|   969 |  3996 |       2 |
|   970 |  2532 |       2 |
|   971 |  1608 |       2 |
|   972 |  1350 |       1 |
|   973 |  2097 |       1 |
|   974 |  1140 |       1 |
|   975 |  3867 |       2 |
|   977 |  3576 |       2 |
|   978 |  3591 |       2 |
|   979 |  3600 |       1 |
|   980 |  6066 |       2 |
|   981 |  8862 |       3 |
|   983 |  3867 |       1 |
|   984 |  2795 |       2 |
|   985 |  2898 |       1 |
|   986 |  2001 |       2 |
|   987 |  1650 |       1 |
|   988 |  2088 |       2 |
|   989 |  1452 |       1 |
|   990 |  2091 |       2 |
|   991 |  2580 |       2 |
|   992 |  1536 |       2 |
|   993 |  3729 |       3 |
|   995 |  1770 |       1 |
|   997 |  3864 |       1 |
|  1000 |  2964 |       2 |
|  1001 |  2742 |       1 |
|  1002 |  2289 |       1 |
|  1003 |   900 |       2 |
|  1004 |  2577 |       2 |
|  1008 |  1800 |       1 |
|  1009 |  2253 |       1 |
|  1010 |  1500 |       1 |
|  1011 |  3600 |       1 |
|  1012 |  1680 |       1 |
|  1014 |  2577 |       1 |
|  1015 |  2733 |       2 |
|  1018 |  3492 |       3 |
|  1019 |  3384 |       2 |
|  1020 |  2253 |       1 |
|  1021 |  2907 |       2 |
|  1022 |  1839 |       1 |
|  1023 |  2253 |       1 |
|  1024 |  2094 |       2 |
|  1025 |  1800 |       1 |
|  1026 |  4011 |       2 |
|  1027 |  2256 |       1 |
|  1028 |  3216 |       1 |
|  1030 |  3000 |       1 |
|  1031 |  1500 |       1 |
|  1032 |  2190 |       2 |
|  1033 |  1065 |       1 |
|  1034 |  2400 |       1 |
|  1037 |  3788 |       2 |
|  1038 |  2250 |       1 |
|  1040 |  3600 |       1 |
|  1041 |  2550 |       1 |
|  1042 |  1371 |       1 |
|  1043 |  3099 |       1 |
|  1044 |  1200 |       1 |
|  1045 |  1449 |       1 |
|  1046 |  2316 |       2 |
|  1048 |  1884 |       2 |
|  1049 |  3060 |       1 |
|  1050 |  1563 |       1 |
|  1051 |  2835 |       2 |
|  1052 |  7311 |       3 |
|  1054 |  3873 |       1 |
|  1055 |  3621 |       3 |
|  1059 |  2250 |       1 |
|  1060 |  1452 |       1 |
|  1061 |  2421 |       1 |
|  1062 |  1452 |       1 |
|  1064 |  1581 |       1 |
|  1066 |  1682 |       1 |
|  1067 |  3000 |       1 |
|  1068 |  2316 |       2 |
|  1069 |  3981 |       2 |
|  1070 |  3000 |       1 |
|  1071 |  2328 |       2 |
|  1072 |  2742 |       1 |
|  1073 |  2097 |       1 |
|  1074 |  1452 |       1 |
|  1075 |  2661 |       2 |
|  1077 |  3545 |       2 |
|  1078 |  4788 |       2 |
|  1079 |  2760 |       1 |
|  1080 |  2307 |       1 |
|  1081 |  3117 |       3 |
|  1082 |  2192 |       1 |
|  1088 |  2001 |       1 |
|  1089 |  1968 |       1 |
|  1090 |  2193 |       1 |
|  1092 |  2796 |       1 |
|  1094 |  2715 |       1 |
|  1095 |  1986 |       1 |
|  1096 |  1870 |       1 |
|  1097 |  2037 |       1 |
|  1099 |  4629 |       3 |
|  1100 |  4540 |       3 |
|  1101 |  5438 |       3 |
|  1102 |  4795 |       4 |
|  1103 |  1425 |       1 |
|  1104 |  2538 |       1 |
|  1105 |  3840 |       2 |
|  1106 |  5374 |       2 |
|  1107 |  3081 |       1 |
|  1108 |  5223 |       2 |
|  1109 |  4374 |       1 |
|  1110 |  6903 |       2 |
|  1111 |  3591 |       2 |
|  1116 |  5300 |       1 |
|  1117 |  3387 |       1 |
|  1118 |  4527 |       1 |
|  1124 | 24669 |       6 |
|  1125 | 15585 |       3 |
|  1126 | 12558 |       2 |
|  1127 |  5772 |       1 |
|  1128 | 33267 |       2 |
|  1130 | 13647 |       3 |
|  1131 | 22398 |       5 |
|  1132 |  5400 |       1 |
|  1133 |  3912 |       1 |
|  1134 | 17568 |       2 |
|  1136 | 13407 |       2 |
|  1137 |  2730 |       1 |
|  1138 |  8634 |       2 |
|  1139 |  9057 |       2 |
|  1142 | 11403 |       1 |
|  1143 | 10350 |       1 |
|  1144 | 14949 |       2 |
|  1145 |  6417 |       1 |
|  1146 | 11457 |       2 |
|  1149 | 14145 |       2 |
|  1150 | 16746 |       3 |
|  1151 |  5400 |       1 |
|  1152 | 12294 |       1 |
|  1153 | 20403 |       5 |
|  1154 | 11300 |       1 |
|  1155 | 13047 |       3 |
|  1158 | 24354 |       4 |
|  1159 |  1500 |       1 |
|  1161 |  5250 |       1 |
|  1162 |  9186 |       1 |
|  1163 |  7884 |       2 |
|  1165 | 13947 |       3 |
|  1166 | 10530 |       2 |
|  1167 | 13491 |       2 |
|  1168 | 17235 |       2 |
|  1169 | 18570 |       2 |
|  1170 | 14415 |       3 |
|  1171 | 13818 |       1 |
|  1173 |  9033 |       2 |
|  1174 |  7650 |       2 |
|  1175 |  7956 |       2 |
|  1176 | 12651 |       1 |
|  1177 | 10950 |       2 |
|  1178 | 12900 |       2 |
|  1179 | 13602 |       2 |
|  1180 |  8487 |       2 |
|  1181 |  7743 |       2 |
|  1183 | 12315 |       2 |
|  1184 | 15546 |       2 |
|  1185 | 15357 |       2 |
|  1186 |  5307 |       1 |
|  1188 |  1500 |       1 |
|  1190 |  5040 |       1 |
|  1191 |  5058 |       1 |
|  1192 | 20532 |       4 |
|  1193 | 12120 |       2 |
|  1194 | 19773 |       3 |
|  1195 | 10857 |       1 |
|  1196 | 14997 |       2 |
|  1197 | 14373 |       3 |
|  1198 | 15783 |       4 |
|  1201 |  5370 |       1 |
|  1202 | 10434 |       2 |
|  1203 | 11868 |       1 |
|  1204 | 11499 |       2 |
|  1205 | 15015 |       2 |
|  1206 | 20463 |       1 |
|  1209 | 10800 |       1 |
|  1211 |  7785 |       2 |
|  1212 | 16911 |       2 |
|  1214 |  9132 |       2 |
|  1215 |  5913 |       3 |
|  1216 |  4590 |       1 |
|  1218 |  6861 |       2 |
|  1219 |  6972 |       2 |
|  1220 |  4287 |       1 |
|  1221 |  4104 |       1 |
|  1222 |  7824 |       2 |
|  1225 |  7920 |       4 |
|  1226 |  2415 |       1 |
|  1227 |  5967 |       1 |
|  1228 |  3753 |       1 |
|  1229 |  2772 |       1 |
|  1231 |  2469 |       2 |
|  1232 |  3147 |       2 |
|  1233 |  3459 |       1 |
|  1234 |  4773 |       3 |
|  1235 |  3540 |       2 |
|  1237 |  6393 |       1 |
|  1238 |  5220 |       2 |
|  1239 |   921 |       1 |
|  1240 |  1401 |       2 |
|  1241 |  9612 |       3 |
|  1242 |  2286 |       1 |
|  1243 |  1890 |       2 |
|  1244 |  4323 |       1 |
|  1245 |  5487 |       1 |
|  1246 |  3225 |       1 |
|  1247 |  2580 |       1 |
|  1248 |  8550 |       3 |
|  1249 |  2949 |       2 |
|  1250 |  3420 |       2 |
|  1251 |  1350 |       1 |
|  1252 |  2340 |       2 |
|  1254 |  2220 |       1 |
|  1256 |  3954 |       1 |
|  1257 |  2211 |       2 |
|  1260 |  3714 |       2 |
|  1261 |  3576 |       1 |
|  1262 |  4194 |       1 |
|  1263 |  6381 |       1 |
|  1264 |  4467 |       1 |
|  1267 |  3153 |       2 |
|  1270 |  5661 |       3 |
|  1271 |  5616 |       2 |
|  1274 |  2316 |       1 |
|  1278 |  6444 |       2 |
|  1279 |  2163 |       1 |
|  1280 |  5826 |       2 |
|  1281 |  6966 |       3 |
|  1283 |  6945 |       3 |
|  1285 |  3981 |       3 |
|  1286 |  4776 |       2 |
|  1287 |  1797 |       1 |
|  1288 |  1918 |       1 |
|  1289 |  1800 |       1 |
|  1294 |  2421 |       1 |
|  1297 |  1840 |       2 |
|  1300 |  6500 |       1 |
|  1301 |  3759 |       2 |
|  1302 |  2064 |       1 |
|  1303 |  2901 |       3 |
|  1304 |  2982 |       2 |
|  1306 |  5397 |       2 |
|  1308 |  7329 |       3 |
|  1310 | 12246 |       1 |
|  1312 | 13305 |       3 |
|  1313 | 13869 |       3 |
|  1314 |  6000 |       1 |
|  1315 |  8622 |       2 |
|  1316 | 19869 |       4 |
|  1319 |  5604 |       2 |
|  1320 | 12942 |       2 |
|  1321 | 13341 |       3 |
|  1322 | 15225 |       2 |
|  1323 | 25437 |       4 |
|  1324 |  5322 |       1 |
|  1325 | 17583 |       2 |
|  1326 |  1500 |       1 |
|  1327 | 21699 |       3 |
|  1328 | 14682 |       2 |
|  1329 | 10647 |       2 |
|  1330 |  9147 |       3 |
|  1332 |  3000 |       1 |
|  1333 | 14352 |       1 |
|  1336 | 15090 |       2 |
|  1337 |  8520 |       1 |
|  1338 |  6000 |       1 |
|  1339 | 13575 |       3 |
|  1340 | 13167 |       3 |
|  1341 | 13047 |       2 |
|  1342 |  5700 |       1 |
|  1343 | 11904 |       2 |
|  1344 |  8298 |       2 |
|  1347 | 19512 |       6 |
|  1348 | 20178 |       2 |
|  1349 | 10803 |       3 |
|  1351 | 17766 |       3 |
|  1352 |  9852 |       1 |
|  1353 | 11112 |       1 |
|  1354 | 13452 |       2 |
|  1355 | 13356 |       1 |
|  1356 |  7200 |       2 |
|  1357 | 15453 |       2 |
|  1358 | 22587 |       2 |
|  1359 | 10400 |       1 |
|  1360 |  7653 |       2 |
|  1361 |  8871 |       2 |
|  1362 |  2196 |       1 |
|  1363 | 13248 |       2 |
|  1364 |  3600 |       1 |
|  1365 | 14889 |       2 |
|  1366 | 13458 |       2 |
|  1368 | 13236 |       2 |
|  1371 | 16854 |       4 |
|  1372 | 17112 |       3 |
|  1373 | 32355 |       5 |
|  1374 |  7800 |       1 |
|  1375 | 14790 |       2 |
|  1376 | 14310 |       2 |
|  1379 | 12489 |       1 |
|  1380 | 19815 |       2 |
|  1381 |  6000 |       1 |
|  1382 | 24000 |       1 |
|  1383 | 22401 |       4 |
|  1384 | 30138 |       6 |
|  1385 | 27084 |       6 |
|  1386 |  6000 |       1 |
|  1387 | 16119 |       3 |
|  1389 | 13641 |       2 |
|  1391 | 11550 |       2 |
|  1392 |  9300 |       1 |
|  1393 | 12183 |       3 |
|  1394 |  8049 |       1 |
|  1396 | 26877 |       4 |
|  1398 | 20250 |       3 |
|  1399 | 10617 |       2 |
|  1400 | 18888 |       2 |
|  1402 |  9591 |       1 |
|  1405 | 12297 |       1 |
|  1406 | 13899 |       1 |
|  1407 | 13824 |       1 |
|  1408 |  7731 |       2 |
|  1409 | 14571 |       2 |
|  1410 |  9918 |       2 |
|  1411 | 14088 |       2 |
|  1412 |  6000 |       1 |
|  1414 | 15861 |       2 |
|  1416 | 13608 |       2 |
|  1417 |  7500 |       1 |
|  1419 | 13398 |       3 |
|  1420 | 18750 |       2 |
|  1421 | 15924 |       2 |
|  1422 | 21729 |       3 |
|  1423 | 21486 |       4 |
|  1424 | 11061 |       1 |
|  1426 | 17064 |       1 |
|  1427 | 12003 |       2 |
|  1428 |  8484 |       2 |
|  1429 |  8253 |       2 |
|  1431 |  4089 |       1 |
|  1432 | 15624 |       2 |
|  1436 |  9360 |       2 |
|  1437 |  9168 |       1 |
|  1438 |  4710 |       1 |
|  1439 | 10542 |       2 |
|  1440 | 14433 |       3 |
|  1441 | 18144 |       2 |
|  1443 | 27522 |       5 |
|  1444 | 21081 |       2 |
|  1445 | 11739 |       2 |
|  1446 | 15180 |       2 |
|  1457 | 15648 |       2 |
|  1458 | 16587 |       2 |
|  1459 | 12000 |       1 |
|  1460 | 11058 |       1 |
|  1461 | 16080 |       2 |
|  1462 | 16416 |       2 |
|  1464 | 12684 |       3 |
|  1466 | 16683 |       2 |
|  1468 | 17883 |       2 |
|  1469 | 14118 |       2 |
|  1470 | 21399 |       3 |
|  1471 | 15840 |       1 |
|  1472 |  4800 |       1 |
|  1473 | 35616 |       6 |
|  1474 | 11355 |       1 |
|  1475 |  6435 |       2 |
|  1478 | 15142 |       2 |
|  1479 | 14100 |       2 |
|  1480 |  6150 |       1 |
|  1481 | 14748 |       2 |
|  1482 |  9300 |       3 |
|  1483 |  9801 |       2 |
|  1484 | 11076 |       2 |
|  1485 | 14298 |       2 |
|  1486 |  6882 |       2 |
|  1487 |  9018 |       2 |
|  1488 |  4350 |       1 |
|  1489 | 10596 |       2 |
|  1490 | 19626 |       4 |
|  1491 | 12321 |       1 |
|  1493 | 26358 |       3 |
|  1494 | 14370 |       2 |
|  1495 | 26451 |       5 |
|  1496 | 23124 |       4 |
|  1497 | 20079 |       5 |
|  1498 | 13089 |       1 |
|  1499 | 10692 |       2 |
|  1501 | 21699 |       2 |
|  1502 |  8490 |       2 |
|  1503 | 15918 |       2 |
|  1504 | 13500 |       1 |
|  1506 | 16632 |       2 |
|  1507 | 17898 |       2 |
|  1508 | 11310 |       2 |
|  1511 | 11625 |       1 |
|  1513 |  1389 |       1 |
|  1514 |  1806 |       1 |
|  1516 |  3552 |       2 |
|  1519 |  8100 |       6 |
|  1523 |  2484 |       2 |
|  1527 |  8712 |       1 |
|  1530 |  7200 |       1 |
|  1536 |  7932 |       2 |
|  1541 |  4434 |       1 |
|  1545 |  6279 |       2 |
|  1548 | 13551 |       2 |
|  1553 |  4500 |       1 |
|  1554 |  2850 |       1 |
|  1556 | 11373 |       4 |
|  1557 |  7056 |       2 |
|  1560 |  2421 |       1 |
|  1562 |  2034 |       1 |
|  1563 |  1970 |       1 |
|  1565 |  5178 |       2 |
|  1566 |  5733 |       2 |
|  1567 |  5400 |       1 |
|  1568 |  1608 |       2 |
|  1569 |  2700 |       2 |
|  1571 |  2124 |       2 |
|  1572 |  5490 |       2 |
|  1574 |  1200 |       2 |
|  1575 |  4131 |       2 |
|  1576 |  3420 |       2 |
|  1577 |  3300 |       1 |
|  1578 |  3231 |       2 |
|  1579 |  2259 |       1 |
|  1581 |  1032 |       1 |
|  1582 |  2190 |       2 |
|  1584 |  1680 |       2 |
|  1587 |  1500 |       1 |
|  1588 |  3069 |       1 |
|  1589 |  2067 |       1 |
|  1590 |  2100 |       1 |
|  1591 |  2100 |       1 |
|  1592 |  4197 |       1 |
|  1594 |  3387 |       2 |
|  1595 |  2574 |       2 |
|  1596 |  2583 |       1 |
|  1597 |  1887 |       1 |
|  1598 |  1548 |       1 |
|  1599 |  1929 |       1 |
|  1600 |  1290 |       1 |
|  1601 |  4614 |       1 |
|  1602 |  2085 |       1 |
|  1603 |  1578 |       1 |
|  1604 |  2664 |       2 |
|  1605 |  2169 |       1 |
|  1606 |   930 |       1 |
|  1609 |  2418 |       2 |
|  1610 |   750 |       1 |
|  1611 |  3693 |       2 |
|  1612 |  2904 |       2 |
|  1613 |  1380 |       2 |
|  1617 | 16068 |       2 |
|  1619 |  1950 |       2 |
|  1620 |   870 |       1 |
|  1623 |  2583 |       1 |
|  1625 |  2538 |       3 |
|  1626 |  3300 |       1 |
|  1627 |  2019 |       2 |
|  1629 |  4371 |       1 |
|  1630 |  5643 |       2 |
|  1631 |  1950 |       1 |
|  1635 |  4359 |       1 |
|  1636 |  6297 |       2 |
|  1638 |  4821 |       1 |
|  1639 |  7080 |       1 |
|  1640 |  6405 |       1 |
|  1641 |  4836 |       1 |
|  1642 |  3873 |       1 |
|  1643 |  4827 |       2 |
|  1644 |  6000 |       1 |
|  1645 |  1575 |       1 |
|  1646 |  2700 |       2 |
|  1648 |  1419 |       1 |
|  1649 |  2300 |       1 |
|  1650 |  3900 |       2 |
|  1651 |  2742 |       1 |
|  1654 |  4842 |       1 |
|  1655 |  3447 |       2 |
|  1656 |  3951 |       2 |
|  1657 |  2097 |       1 |
|  1658 |  7335 |       3 |
|  1659 |  1194 |       1 |
|  1660 |  3453 |       2 |
|  1661 |  2277 |       4 |
|  1663 |  3546 |       2 |
|  1664 |  3630 |       2 |
|  1665 |  3306 |       2 |
|  1666 |  5004 |       1 |
|  1667 |  1611 |       1 |
|  1668 |  1830 |       3 |
|  1669 |  4842 |       1 |
|  1670 |  3546 |       3 |
|  1671 |  2571 |       4 |
|  1672 |  2928 |       2 |
|  1673 |  1110 |       1 |
|  1674 |  6306 |       3 |
|  1675 |  2550 |       3 |
|  1676 |  1050 |       1 |
|  1677 |  4131 |       1 |
|  1678 |  1050 |       1 |
|  1679 |  5472 |       1 |
|  1680 |  5445 |       2 |
|  1681 |  9027 |       1 |
|  1682 |  3402 |       5 |
|  1683 |  2340 |       2 |
|  1684 |  1170 |       2 |
|  1685 |  2481 |       3 |
|  1686 |  1605 |       1 |
|  1687 |  1980 |       5 |
|  1688 |  1029 |       2 |
|  1689 |  3228 |       1 |
|  1690 |  1449 |       1 |
|  1691 |  2739 |       2 |
|  1692 |  1350 |       1 |
|  1693 |  2016 |       2 |
|  1694 |  1689 |       4 |
|  1695 |  2559 |       5 |
|  1696 |  2142 |       4 |
|  1697 |   804 |       1 |
|  1698 |  2544 |       6 |
|  1699 |  1314 |       2 |
|  1700 |  2580 |       1 |
|  1701 |  1932 |       2 |
|  1702 |  4932 |       5 |
|  1703 |  3213 |       1 |
|  1704 |  3771 |       2 |
|  1705 |  1290 |       2 |
|  1706 |  5562 |       2 |
|  1707 |  3609 |       8 |
|  1708 |  2325 |       4 |
|  1709 |   807 |       1 |
|  1710 |  1725 |       4 |
|  1711 |  4359 |       1 |
|  1717 |  8049 |       1 |
|  1718 |  8073 |       1 |
|  1719 |  2259 |       1 |
|  1720 |  9594 |       1 |
|  1722 |  3228 |       2 |
|  1723 |  1650 |       2 |
|  1724 |  2550 |       2 |
|  1725 |  3360 |       1 |
|  1727 |  2100 |       2 |
|  1728 |  1500 |       1 |
|  1729 |  1905 |       1 |
|  1730 |  2112 |       2 |
|  1731 |  2340 |       2 |
|  1732 |  1452 |       1 |
|  1733 |  2250 |       1 |
|  1735 |  1350 |       2 |
|  1736 |  2880 |       1 |
|  1737 |   837 |       2 |
|  1738 |  4947 |       4 |
|  1740 |  1932 |       1 |
|  1741 |  4518 |       1 |
|  1742 |  7500 |       1 |
|  1743 |  2700 |       1 |
|  1744 |  1776 |       1 |
|  1745 |  2718 |       2 |
|  1746 |  1265 |       1 |
|  1747 |  1065 |       2 |
|  1748 |  2634 |       2 |
|  1749 |  2955 |       2 |
|  1750 |  3750 |       4 |
|  1751 |  4680 |       1 |
|  1752 |   807 |       1 |
|  1753 |  1050 |       1 |
|  1754 |  1350 |       1 |
|  1755 |   960 |       1 |
|  1756 |  1932 |       2 |
|  1757 |  1935 |       1 |
|  1758 |  6522 |       5 |
|  1759 |   510 |       2 |
|  1760 |  3228 |       1 |
|  1761 |  2862 |       1 |
|  1762 |  4518 |       1 |
|  1763 |  2451 |       2 |
|  1765 |  4050 |       5 |
|  1766 |  4812 |       1 |
|  1767 |  2550 |       1 |
|  1768 |   750 |       1 |
|  1769 |  1329 |       2 |
|  1770 |  2247 |       4 |
|  1771 |  1050 |       1 |
|  1772 |  1290 |       1 |
|  1773 |  2130 |       5 |
|  1774 |  1050 |       2 |
|  1775 |  2550 |       1 |
|  1776 |  4674 |       1 |
|  1778 |  1287 |       2 |
|  1779 |   750 |       1 |
|  1780 |  2619 |       4 |
|  1781 |  2253 |       2 |
|  1782 |  3150 |       2 |
|  1783 |  1452 |       2 |
|  1784 |  1254 |       2 |
|  1801 |  3924 |       1 |
|  1802 |  9096 |       2 |
|  1807 |  9987 |       2 |
|  1812 |  4638 |       2 |
|  1816 | 13224 |       2 |
|  1817 | 10917 |       1 |
|  1818 |  5616 |       1 |
|  1819 |  9135 |       2 |
|  1820 | 18765 |       3 |
|  1821 | 15633 |       4 |
|  1822 |  9612 |       2 |
|  1823 | 16065 |       3 |
|  1824 | 13716 |       2 |
|  1825 |  5127 |       2 |
|  1826 |  9465 |       2 |
|  1827 | 13785 |       4 |
|  1828 | 13404 |       2 |
|  1829 |  4515 |       1 |
|  1833 | 12462 |       1 |
|  1834 |  6699 |       1 |
|  1835 |  9444 |       2 |
|  1836 | 13533 |       1 |
|  1837 |  2400 |       1 |
|  1839 |  1950 |       1 |
|  1840 | 13524 |       3 |
|  1841 |  7320 |       2 |
|  1842 | 11199 |       3 |
|  1843 | 10527 |       2 |
|  1844 |  6636 |       1 |
|  1845 |  7710 |       2 |
|  1846 | 14895 |       2 |
|  1847 | 14076 |       2 |
|  1848 |  2745 |       1 |
|  1849 |  4845 |       1 |
|  1850 |  2550 |       1 |
|  1851 |  2100 |       2 |
|  1852 |   930 |       2 |
|  1853 |  2952 |       2 |
|  1854 |  2097 |       1 |
|  1855 |  2100 |       1 |
|  1857 |  1875 |       1 |
|  1858 |  3252 |       2 |
|  1859 |  2907 |       2 |
|  1860 |  2598 |       2 |
|  1861 |  3456 |       2 |
|  1862 |  1548 |       1 |
|  1863 |  1644 |       3 |
|  1864 |  2040 |       3 |
|  1865 |   804 |       2 |
|  1866 |  2370 |       4 |
|  1868 |  1452 |       1 |
|  1871 |  1131 |       1 |
|  1872 |  1050 |       2 |
|  1873 |  7479 |       2 |
|  1874 |  9102 |       1 |
|  1875 |  1530 |       4 |
|  1876 |  1860 |       3 |
|  1879 |  2250 |       1 |
|  1880 |  2907 |       3 |
|  1881 |   800 |       3 |
|  1882 |   420 |       2 |
|  1883 |  2100 |       2 |
|  1884 | 12120 |       2 |
|  1886 |  2010 |       2 |
|  1888 |  2259 |       2 |
|  1889 |  3357 |       2 |
|  1890 |  1338 |       1 |
|  1891 |  4557 |       2 |
|  1893 |   750 |       1 |
|  1894 |  1950 |       1 |
|  1895 |  2415 |       1 |
|  1896 |  6762 |       2 |
|  1897 |  5241 |       2 |
|  1898 |  6687 |       2 |
|  1899 |  9120 |       1 |
|  1900 | 11832 |       2 |
|  1901 |  9342 |       2 |
|  1902 |  4080 |       6 |
|  1903 |   660 |       2 |
|  1904 |  1500 |       2 |
|  1905 |  2040 |       2 |
|  1906 |  2415 |       4 |
|  1907 |   708 |       1 |
|  1908 |  1392 |       2 |
|  1910 |  6999 |       2 |
|  1911 |  6924 |       1 |
|  1913 |  4500 |       1 |
|  1914 |  3000 |       1 |
|  1915 |  6819 |       2 |
|  1917 |  6963 |       1 |
|  1918 |  9498 |       3 |
|  1919 |  4500 |       1 |
|  1920 |  3600 |       1 |
|  1922 | 13224 |       4 |
|  1923 | 15837 |       5 |
|  1924 | 14598 |       5 |
|  1925 | 12156 |       3 |
|  1926 |  3600 |       1 |
|  1927 | 14301 |       3 |
|  1928 |  6111 |       2 |
|  1930 | 11313 |       2 |
|  1931 | 19581 |       5 |
|  1933 |  8520 |       2 |
|  1934 |  2100 |       1 |
|  1936 |  5424 |       1 |
|  1937 |  2100 |       1 |
|  1938 | 15123 |       5 |
|  1939 |  5817 |       2 |
|  1941 |  4767 |       2 |
|  1942 | 12495 |       2 |
|  1943 |  1200 |       1 |
|  1944 |  7995 |       2 |
|  1945 | 11565 |       3 |
|  1947 |  4500 |       1 |
|  1948 | 11490 |       2 |
|  1949 |  8709 |       3 |
|  1951 | 27678 |       3 |
|  1952 |  5388 |       1 |
|  1953 | 11883 |       2 |
|  1954 |  9336 |       3 |
|  1955 | 17169 |       2 |
|  1956 | 11322 |       2 |
|  1957 | 11820 |       3 |
|  1958 | 13608 |       2 |
|  1959 |  3000 |       1 |
|  1960 |  6558 |       1 |
|  1961 |  5667 |       1 |
|  1962 | 16266 |       2 |
|  1963 |  6093 |       2 |
|  1964 |  8007 |       2 |
|  1966 |  7146 |       2 |
|  1967 |  7500 |       2 |
|  1969 | 11892 |       2 |
|  1970 | 10695 |       1 |
|  1971 | 19833 |       3 |
|  1972 | 10344 |       3 |
|  1973 |  3600 |       1 |
|  1974 |  3600 |       1 |
|  1975 |  3000 |       1 |
|  1976 | 16629 |       2 |
|  1978 | 13776 |       2 |
|  1979 |  4500 |       1 |
|  1980 |  6777 |       2 |
|  1981 |  4284 |       2 |
|  1983 | 10809 |       2 |
|  1984 |  2100 |       1 |
|  1985 |  7809 |       1 |
|  1986 | 14682 |       2 |
|  1987 |  3900 |       1 |
|  1988 | 14529 |       1 |
|  1990 | 15900 |       1 |
|  1991 |  7809 |       2 |
|  1992 | 14736 |       2 |
|  1993 | 21363 |       2 |
|  1994 |  4500 |       1 |
|  1995 | 13419 |       2 |
|  1996 |  8043 |       2 |
|  1999 | 10017 |       3 |
|  2000 |  6819 |       2 |
|  2001 | 25020 |       3 |
|  2004 | 15144 |       4 |
|  2005 |  8958 |       2 |
|  2006 |  3936 |       2 |
|  2007 |  7935 |       2 |
|  2009 |  6258 |       1 |
|  2010 |  9645 |       2 |
|  2011 |  9606 |       2 |
|  2012 |  1350 |       1 |
|  2013 |  1500 |       1 |
|  2014 | 11748 |       3 |
|  2015 | 10107 |       2 |
|  2017 | 10833 |       2 |
|  2018 |  5724 |       1 |
|  2019 |  3849 |       2 |
|  2020 |  4653 |       2 |
|  2022 |  2400 |       1 |
|  2023 |  8025 |       2 |
|  2024 | 10119 |       2 |
|  2026 |  8823 |       1 |
|  2027 |  7359 |       2 |
|  2028 |  6288 |       3 |
|  2029 |  3276 |       2 |
|  2030 |  2961 |       1 |
|  2031 |  6564 |       2 |
|  2032 |  3123 |       1 |
|  2033 |  7635 |       2 |
|  2036 |  7134 |       2 |
|  2037 |  2499 |       1 |
|  2038 |  2784 |       1 |
|  2040 |  2853 |       1 |
|  2052 | 14112 |       2 |
|  2053 | 17328 |       3 |
|  2054 |  3300 |       1 |
|  2055 | 11952 |       2 |
|  2056 | 15309 |       2 |
|  2057 |  7044 |       2 |
|  2058 | 11982 |       1 |
|  2059 |  3300 |       1 |
|  2060 |  3000 |       1 |
|  2061 |  7758 |       2 |
|  2062 | 16896 |       3 |
|  2063 |  4500 |       1 |
|  2064 | 13002 |       2 |
|  2065 | 19764 |       2 |
|  2066 |  4500 |       1 |
|  2067 |  7767 |       2 |
|  2068 |  8637 |       2 |
|  2069 |  7176 |       2 |
|  2070 | 13419 |       2 |
|  2072 |  3000 |       1 |
|  2073 | 20259 |       4 |
|  2074 |  7524 |       2 |
|  2075 |  9234 |       3 |
|  2076 | 19434 |       5 |
|  2077 | 13779 |       2 |
|  2078 |  8502 |       2 |
|  2079 |  2700 |       1 |
|  2080 |  2400 |       1 |
|  2081 |  2400 |       1 |
|  2082 | 12627 |       2 |
|  2083 |  6936 |       1 |
|  2084 |  6744 |       2 |
|  2085 |  5901 |       1 |
|  2086 | 10329 |       2 |
|  2087 |  7158 |       1 |
|  2088 |  9951 |       2 |
|  2089 | 11166 |       2 |
|  2090 | 11019 |       2 |
|  2091 |  6207 |       2 |
|  2092 | 10311 |       1 |
|  2093 |  3000 |       1 |
|  2094 |  9057 |       3 |
|  2095 |  8103 |       3 |
|  2096 |  3000 |       1 |
|  2097 | 16794 |       3 |
|  2098 |  8457 |       3 |
|  2099 | 11109 |       4 |
|  2100 | 16218 |       2 |
|  2101 |  7278 |       2 |
|  2102 | 18219 |       3 |
|  2104 | 10740 |       1 |
|  2105 |  9249 |       2 |
|  2106 | 10149 |       1 |
|  2107 |  4500 |       1 |
|  2108 | 10203 |       1 |
|  2109 |  9849 |       1 |
|  2110 | 13053 |       4 |
|  2112 | 33555 |       3 |
|  2113 |  4800 |       1 |
|  2114 |  9600 |       2 |
|  2115 |  8577 |       2 |
|  2118 |  6342 |       1 |
|  2119 |  5250 |       1 |
|  2120 |  1050 |       1 |
|  2121 |  7353 |       1 |
|  2122 |  9906 |       3 |
|  2123 |  1500 |       1 |
|  2125 |  4350 |       1 |
|  2126 | 11253 |       2 |
|  2127 |  8916 |       1 |
|  2128 | 11970 |       2 |
|  2129 |  6336 |       2 |
|  2130 |  6336 |       2 |
|  2131 | 12636 |       2 |
|  2133 | 33372 |       7 |
|  2134 |  5373 |       2 |
|  2135 |  5016 |       2 |
|  2136 | 12147 |       2 |
|  2137 |  5922 |       2 |
|  2138 |  8133 |       1 |
|  2139 | 10626 |       2 |
|  2140 |  7380 |       1 |
|  2141 | 13770 |       4 |
|  2142 |  6288 |       1 |
|  2143 |  7020 |       1 |
|  2144 |  8880 |       2 |
|  2145 |  2400 |       1 |
|  2146 |  5751 |       1 |
|  2147 |  4686 |       2 |
|  2148 |  3921 |       2 |
|  2150 |  1806 |       1 |
|  2151 |  3066 |       2 |
|  2153 |  9564 |       2 |
|  2154 |  5348 |       5 |
|  2155 |  9414 |       3 |
|  2158 | 13911 |       2 |
|  2163 |  1128 |       1 |
|  2164 |  2556 |       3 |
|  2167 |  1155 |       2 |
|  2168 |  8052 |       2 |
|  2169 |  2400 |       2 |
|  2170 |  2100 |       1 |
|  2172 |  7350 |       2 |
|  2173 | 13566 |       2 |
|  2177 |  6723 |       2 |
|  2178 |  6258 |       2 |
|  2179 |  5910 |       3 |
|  2180 | 11016 |       2 |
|  2181 |  2250 |       1 |
|  2182 |  3621 |       2 |
|  2183 |  3552 |       1 |
|  2184 |  4137 |       1 |
|  2185 |  6303 |       1 |
|  2186 |  6975 |       2 |
|  2187 |   855 |       2 |
|  2188 |  1110 |       2 |
|  2189 |  1128 |       1 |
|  2190 |  2805 |       2 |
|  2191 |  2706 |       2 |
|  2192 |  3129 |       2 |
|  2193 |  1836 |       1 |
|  2194 |  3117 |       2 |
|  2195 |  2265 |       4 |
|  2196 |  2838 |       3 |
|  2197 |  6804 |       4 |
|  2198 |  3180 |       3 |
|  2200 |  4701 |       4 |
|  2202 |  1776 |       1 |
|  2203 |  3057 |       1 |
|  2204 |  2937 |       2 |
|  2205 |  2961 |       2 |
|  2206 |  1350 |       1 |
|  2208 |  1752 |       1 |
|  2209 |  1839 |       1 |
|  2210 |  1974 |       1 |
|  2211 |  1452 |       1 |
|  2212 |  1020 |       1 |
|  2213 |  1590 |       2 |
|  2215 |  1110 |       2 |
|  2216 |   960 |       2 |
|  2217 |  1347 |       3 |
|  2218 |   750 |       2 |
|  2220 |  1677 |       1 |
|  2221 |   870 |       2 |
|  2223 |   930 |       2 |
|  2224 |  1920 |       4 |
|  2225 |   657 |       2 |
|  2227 |  1740 |       2 |
|  2228 |  1320 |       1 |
|  2229 |  1710 |       3 |
|  2230 |  1350 |       1 |
|  2233 |  1500 |       1 |
|  2234 |   880 |       2 |
|  2235 |  2571 |       1 |
|  2236 |  1200 |       2 |
|  2238 |  1716 |       3 |
|  2241 |  1320 |       2 |
|  2242 |  9840 |       3 |
|  2243 |  8619 |       2 |
|  2244 |  8565 |       3 |
|  2245 |  7713 |       2 |
|  2246 |  6390 |       2 |
|  2247 |  3690 |       1 |
|  2248 |  5262 |       1 |
|  2249 |  4998 |       2 |
|  2250 |  4842 |       1 |
|  2251 |  6936 |       2 |
|  2252 |  7464 |       3 |
|  2254 |  1500 |       1 |
|  2255 |  6984 |       4 |
|  2256 |  4713 |       1 |
|  2257 |  5487 |       1 |
|  2258 |  5196 |       1 |
|  2259 |  5802 |       2 |
|  2260 |  4899 |       2 |
|  2262 |  5649 |       2 |
|  2263 |  6021 |       3 |
|  2264 |  5967 |       3 |
|  2265 |  7263 |       2 |
|  2266 |  2103 |       3 |
|  2268 |  3462 |       3 |
|  2269 |  6861 |       4 |
|  2270 |  5760 |       4 |
|  2271 |  4170 |       5 |
|  2272 |  8985 |       4 |
|  2273 |  2910 |       4 |
|  2274 | 10713 |       3 |
|  2275 |  4680 |       1 |
|  2277 | 10629 |       3 |
|  2278 |  5004 |       1 |
|  2279 |  7326 |       2 |
|  2280 |  6693 |       2 |
|  2281 |  5808 |       2 |
|  2282 |  5328 |       1 |
|  2284 |  5649 |       1 |
|  2286 |  5103 |       2 |
|  2287 |  2700 |       2 |
|  2288 |   900 |       1 |
|  2290 |  1200 |       1 |
|  2291 |   900 |       1 |
|  2292 |  4617 |       1 |
|  2293 |  3798 |       2 |
|  2294 |  7392 |       4 |
|  2295 |  5229 |       1 |
|  2297 |  1590 |       2 |
|  2298 |  6699 |       5 |
|  2299 |  7101 |       2 |
|  2300 |   900 |       1 |
|  2301 |  5166 |       1 |
|  2302 |  1590 |       2 |
|  2303 |  5649 |       1 |
|  2305 |  4455 |       1 |
|  2306 |  3873 |       1 |
|  2307 |  3651 |       2 |
|  2308 |  6771 |       3 |
|  2309 |  3528 |       3 |
|  2311 |  7296 |       2 |
|  2312 |  2496 |       1 |
|  2313 |  1750 |       2 |
|  2314 |  3900 |       1 |
|  2317 |  7054 |       3 |
|  2320 |  8334 |       2 |
|  2321 | 15406 |       4 |
|  2322 |  4374 |       1 |
|  2323 |  9918 |       1 |
|  2324 | 13473 |       3 |
|  2325 | 10971 |       2 |
|  2326 | 16857 |       4 |
|  2328 |  9462 |       2 |
|  2330 | 11361 |       2 |
|  2332 |  6972 |       1 |
|  2333 | 12846 |       4 |
|  2335 | 16092 |       4 |
|  2336 | 15321 |       4 |
|  2337 |  6663 |       2 |
|  2338 | 10425 |       1 |
|  2339 |  8178 |       3 |
|  2340 |  9651 |       2 |
|  2341 |  6363 |       1 |
|  2342 |  7740 |       1 |
|  2343 | 15990 |       4 |
|  2344 |  6492 |       1 |
|  2346 | 11556 |       2 |
|  2347 | 12141 |       2 |
|  2348 |  6087 |       1 |
|  2349 | 16743 |       4 |
|  2350 | 14592 |       3 |
|  2351 | 18018 |       5 |
|  2352 |  4701 |       2 |
|  2354 |  5721 |       2 |
|  2355 | 12342 |       2 |
|  2358 |  2680 |       1 |
|  2359 |  9009 |       2 |
|  2360 |  5838 |       2 |
|  2361 | 10746 |       2 |
|  2363 |  5478 |       1 |
|  2364 | 11505 |       3 |
|  2365 |  8709 |       1 |
|  2366 |  9312 |       1 |
|  2367 |  6889 |       2 |
|  2368 |  9906 |       2 |
|  2369 |  7890 |       1 |
|  2370 | 16636 |       4 |
|  2371 |  9243 |       1 |
|  2372 | 14106 |       2 |
|  2374 |   750 |       1 |
|  2375 |  3723 |       2 |
|  2376 |   870 |       1 |
|  2377 |   900 |       1 |
|  2378 |  6447 |       2 |
|  2380 |  2310 |       2 |
|  2381 |  2820 |       2 |
|  2382 |  1620 |       2 |
|  2383 |  1190 |       2 |
|  2384 |  2180 |       4 |
|  2385 |  1425 |       2 |
|  2386 |  4341 |       3 |
|  2387 |  1872 |       1 |
|  2389 |   810 |       2 |
|  2390 |   720 |       2 |
|  2392 |  2517 |       1 |
|  2394 |  4542 |       4 |
|  2396 |   807 |       1 |
|  2398 |  1260 |       1 |
|  2399 |  1180 |       1 |
|  2400 |   780 |       2 |
|  2401 |  1267 |       3 |
|  2402 |   915 |       3 |
|  2403 |  1110 |       3 |
|  2404 |  2160 |       1 |
|  2405 |  8283 |       4 |
|  2406 |  2001 |       1 |
|  2407 |  2760 |       1 |
|  2410 |  5487 |       1 |
|  2411 |  7040 |       2 |
|  2415 |  1260 |       1 |
|  2419 |  5079 |       1 |
|  2420 |  1800 |       2 |
|  2421 |   600 |       1 |
|  2422 |  5328 |       1 |
|  2423 |  1620 |       3 |
|  2424 |  1950 |       2 |
|  2425 |  2676 |       2 |
|  2426 |  8619 |       2 |
|  2427 |  5487 |       1 |
|  2429 |  7017 |       2 |
|  2431 |  4836 |       3 |
|  2432 |   750 |       1 |
|  2434 |  3456 |       1 |
|  2438 | 24309 |       5 |
|  2440 | 22554 |       4 |
|  2441 | 11220 |       2 |
|  2442 | 16887 |       4 |
|  2444 |  8661 |       2 |
|  2445 | 10950 |       2 |
|  2447 | 15516 |       2 |
|  2448 | 12384 |       4 |
|  2450 | 19530 |       4 |
|  2451 | 14996 |       4 |
|  2452 |  6846 |       2 |
|  2453 |  8229 |       2 |
|  2455 |  2190 |       1 |
|  2456 | 10746 |       3 |
|  2457 | 10899 |       4 |
|  2459 | 20286 |       4 |
|  2460 |  9180 |       3 |
|  2462 |  2850 |       1 |
|  2463 | 13479 |       4 |
|  2464 |  7008 |       2 |
|  2466 | 15576 |       4 |
|  2467 |  5790 |       1 |
|  2468 | 10668 |       4 |
|  2469 |  7965 |       3 |
|  2470 |  8844 |       2 |
|  2471 |  6912 |       3 |
|  2472 | 11190 |       3 |
|  2473 | 10071 |       2 |
|  2474 | 12756 |       3 |
|  2475 | 11868 |       3 |
|  2476 | 11019 |       2 |
|  2477 | 11526 |       3 |
|  2478 | 12858 |       3 |
|  2479 |  8985 |       2 |
|  2480 |  9237 |       3 |
|  2481 |  6219 |       1 |
|  2482 | 19371 |       4 |
|  2483 |  8406 |       1 |
|  2484 | 18258 |       5 |
|  2485 |  1650 |       1 |
|  2486 | 11382 |       4 |
|  2487 |  6141 |       1 |
|  2488 |  7371 |       1 |
|  2489 |  5787 |       1 |
|  2490 |  3993 |       1 |
|  2491 |  4704 |       1 |
|  2492 | 13395 |       2 |
|  2493 | 13245 |       3 |
|  2494 | 12288 |       2 |
|  2495 |  7794 |       1 |
|  2496 |  7533 |       1 |
|  2497 |  8985 |       2 |
|  2498 | 10371 |       2 |
|  2499 | 13923 |       2 |
|  2503 |  6108 |       1 |
|  2504 |  1740 |       1 |
|  2505 |  7422 |       2 |
|  2506 |  6687 |       1 |
|  2507 |  2040 |       1 |
|  2508 |  5559 |       1 |
|  2509 |  4887 |       1 |
|  2510 |  6771 |       2 |
|  2511 | 11535 |       3 |
|  2513 |  8343 |       2 |
|  2515 |  6885 |       2 |
|  2518 |  5991 |       2 |
|  2519 | 11982 |       4 |
|  2520 |  8391 |       1 |
|  2522 |  2400 |       1 |
|  2523 | 13038 |       2 |
|  2524 |  5067 |       2 |
|  2525 |  2250 |       1 |
|  2526 | 11889 |       2 |
|  2527 | 10518 |       2 |
|  2530 | 17892 |       4 |
|  2531 | 16479 |       4 |
|  2533 | 21522 |       4 |
|  2534 |  5514 |       2 |
|  2535 | 12681 |       4 |
|  2536 | 12282 |       3 |
|  2537 | 14184 |       4 |
|  2538 |  9690 |       4 |
|  2540 |  6093 |       2 |
|  2541 |  1290 |       1 |
|  2542 |  1650 |       2 |
|  2544 |  5688 |       1 |
|  2545 |  5079 |       1 |
|  2546 |  1350 |       1 |
|  2547 |  1520 |       1 |
|  2548 |  6084 |       4 |
|  2549 |   990 |       2 |
|  2550 |  2340 |       2 |
|  2551 |  4935 |       4 |
|  2552 |  3630 |       4 |
|  2553 |  1560 |       1 |
|  2555 |  5400 |       4 |
|  2556 |  4230 |       1 |
|  2557 |  3711 |       1 |
|  2558 |  1350 |       1 |
|  2559 |  1500 |       1 |
|  2560 |  3023 |       2 |
|  2561 |  2910 |       2 |
|  2562 |  1350 |       1 |
|  2563 |  1596 |       2 |
|  2564 |  1950 |       1 |
|  2566 |  4197 |       1 |
|  2567 | 12021 |       2 |
|  2570 |  8151 |       1 |
|  2572 |  8943 |       3 |
|  2573 |  1899 |       3 |
|  2575 | 10677 |       3 |
|  2577 |  1551 |       1 |
|  2578 |  2160 |       1 |
|  2579 |  3771 |       2 |
|  2581 |  4341 |       2 |
|  2583 |  6936 |       2 |
|  2584 |  1716 |       2 |
|  2585 |  2001 |       2 |
|  2586 |  1320 |       1 |
|  2587 |  3549 |       2 |
|  2590 |  2514 |       1 |
|  2591 |   966 |       1 |
|  2592 |  4812 |       2 |
|  2593 |  3576 |       2 |
|  2595 |  2658 |       2 |
|  2596 |  2745 |       3 |
|  2597 |  1920 |       1 |
|  2598 |  5646 |       4 |
|  2600 |  1839 |       1 |
|  2601 |  2712 |       2 |
|  2602 |  1047 |       2 |
|  2603 |  1047 |       2 |
|  2604 |  1212 |       2 |
|  2606 |  1089 |       2 |
|  2608 |  1713 |       3 |
|  2609 |  1101 |       2 |
|  2611 |   936 |       2 |
|  2612 |  1773 |       2 |
|  2613 |  1167 |       3 |
|  2617 |  2580 |       2 |
|  2618 |  1677 |       2 |
|  2620 |  1356 |       2 |
|  2622 |  1353 |       2 |
|  2623 |  3108 |       3 |
|  2624 |  1854 |       3 |
|  2625 |  1128 |       1 |
|  2627 |  1617 |       2 |
|  2629 |  1227 |       2 |
|  2630 |  1551 |       3 |
|  2634 |  1755 |       2 |
|  2635 |  3600 |       1 |
|  2637 |  3945 |       5 |
|  2639 |  1704 |       1 |
|  2640 |  1527 |       1 |
|  2642 |  1293 |       1 |
|  2643 |  2907 |       1 |
|  2644 |  1125 |       1 |
|  2645 |  2937 |       2 |
|  2646 |  3483 |       2 |
|  2649 |  2940 |       4 |
|  2650 |  1680 |       3 |
|  2651 |  1881 |       4 |
|  2652 |  1746 |       2 |
|  2654 |  1743 |       3 |
|  2655 |  2583 |       5 |
|  2656 |  1617 |       3 |
|  2657 |  1227 |       3 |
|  2658 |   936 |       1 |
|  2660 |  1452 |       1 |
|  2664 |  1911 |       2 |
|  2665 |  1032 |       1 |
|  2669 |   969 |       1 |
|  2670 |  1206 |       1 |
|  2672 |  1110 |       1 |
|  2673 |  2064 |       3 |
|  2674 |  1875 |       2 |
|  2676 |  3069 |       1 |
|  2677 |   936 |       1 |
|  2678 |  1032 |       1 |
|  2679 |  1227 |       2 |
|  2681 |   774 |       2 |
|  2682 |  2034 |       3 |
|  2683 |  1692 |       3 |
|  2684 |  1638 |       3 |
|  2685 |  2100 |       2 |
|  2686 |  1356 |       2 |
|  2688 |  1776 |       4 |
|  2692 |  1938 |       1 |
|  2693 |  1194 |       1 |
|  2694 |  2487 |       2 |
|  2695 |  1485 |       3 |
|  2696 |  2064 |       3 |
|  2697 |   999 |       2 |
|  2698 |  1287 |       2 |
|  2699 |  1569 |       3 |
|  2700 |  2037 |       4 |
|  2702 |  2745 |       2 |
|  2703 |  4197 |       2 |
|  2704 |   966 |       2 |
|  2705 |  1191 |       2 |
|  2706 |   807 |       2 |
|  2707 |  2193 |       3 |
|  2708 |  1113 |       2 |
|  2713 |  1149 |       2 |
|  2715 |  1302 |       2 |
|  2716 |  1776 |       3 |
|  2717 |  1950 |       3 |
|  2718 |   969 |       1 |
|  2719 |  2319 |       4 |
|  2721 |  1014 |       2 |
|  2723 |  1914 |       3 |
|  2725 |   969 |       2 |
|  2726 |   939 |       2 |
|  2727 |   906 |       2 |
|  2728 |  2385 |       2 |
|  2729 |  1611 |       2 |
|  2730 |  1278 |       2 |
|  2731 |  1905 |       4 |
|  2732 |  1089 |       2 |
|  2733 |  1434 |       3 |
|  2734 |  1065 |       2 |
|  2735 |  1572 |       3 |
|  2736 |   741 |       1 |
|  2737 |   870 |       2 |
|  2738 |   930 |       2 |
|  2739 |  2418 |       3 |
|  2740 |  1356 |       2 |
|  2742 |  1128 |       2 |
|  2743 |  1713 |       3 |
|  2747 |  2562 |       2 |
|  2748 |  2340 |       4 |
|  2749 |  3066 |       2 |
|  2750 |  2193 |       1 |
|  2752 |  2175 |       4 |
|  2753 |  2262 |       2 |
|  2755 |  1773 |       3 |
|  2758 |  2877 |       4 |
|  2763 |  1750 |       2 |
|  2769 |  1416 |       2 |
|  2771 |  1350 |       1 |
|  2777 |  2421 |       1 |
|  2778 |  3936 |       2 |
|  2779 |  1290 |       1 |
|  2780 |  1446 |       2 |
|  2781 |  2319 |       2 |
|  2782 |  1452 |       1 |
|  2783 |  2391 |       1 |
|  2784 |  1290 |       1 |
|  2785 |  2259 |       1 |
|  2787 |  3135 |       3 |
|  2792 |  1548 |       1 |
|  2793 |  2601 |       2 |
|  2794 |  1227 |       1 |
|  2795 |  1500 |       2 |
|  2796 |  2808 |       2 |
|  2797 |  1350 |       1 |
|  2798 |  1929 |       1 |
|  2799 |  1452 |       1 |
|  2800 |  1938 |       1 |
|  2801 |  1452 |       2 |
|  2802 |  1614 |       1 |
|  2804 |  3246 |       2 |
|  2805 |  1581 |       1 |
|  2806 |  2967 |       2 |
|  2808 |  1452 |       1 |
|  2810 |  3396 |       4 |
|  2811 |  3870 |       1 |
|  2812 |  1932 |       2 |
|  2813 |  2259 |       1 |
|  2817 |   910 |       1 |
|  2818 |  2421 |       2 |
|  2819 |  1575 |       1 |
|  2823 |  2655 |       4 |
|  2825 |  2064 |       1 |
|  2827 |  1935 |       1 |
|  2834 |  2136 |       2 |
|  2835 |  1290 |       1 |
|  2836 |  3546 |       2 |
|  2837 |  1872 |       2 |
|  2838 |  3549 |       2 |
|  2839 |  3420 |       2 |
|  2844 |  1290 |       1 |
|  2845 |  1548 |       2 |
|  2846 |  1431 |       1 |
|  2847 |  1128 |       1 |
|  2848 |  1500 |       2 |
|  2849 |  1776 |       1 |
|  2850 |  1776 |       1 |
|  2851 |  4620 |       2 |
|  2852 |  2952 |       1 |
|  2853 |  5505 |       3 |
|  2854 |  2223 |       2 |
|  2855 |  3066 |       2 |
|  2856 |  2577 |       4 |
|  2857 |  2403 |       1 |
|  2858 |  1128 |       1 |
|  2859 |  1965 |       2 |
|  2860 |  1290 |       1 |
|  2862 |  1089 |       1 |
|  2863 |  3708 |       2 |
|  2864 |   957 |       2 |
|  2865 |  1935 |       4 |
|  2866 |  4326 |       3 |
|  2868 |  3129 |       2 |
|  2869 |  1935 |       2 |
|  2870 |  2688 |       2 |
|  2873 |  1872 |       2 |
|  2875 |  1350 |       1 |
|  2877 |  2640 |       4 |
|  2878 |  1935 |       1 |
|  2881 |  2100 |       1 |
|  2882 |  1260 |       1 |
|  2884 |  3867 |       2 |
|  2885 |  1950 |       1 |
|  2886 |  1455 |       1 |
|  2887 |  5166 |       1 |
|  2888 |  3876 |       1 |
|  2889 |  1584 |       1 |
|  2891 |  3618 |       2 |
|  2893 |  4740 |       1 |
|  2896 |  2094 |       1 |
|  2897 |  2937 |       2 |
|  2898 |  5079 |       3 |
|  2899 |   966 |       1 |
|  2900 |  1353 |       1 |
|  2901 |   969 |       1 |
|  2902 |  6126 |       2 |
|  2903 |  2583 |       1 |
|  2904 |  1446 |       1 |
|  2905 |  1290 |       1 |
|  2906 |  1929 |       2 |
|  2908 |  3318 |       2 |
|  2909 |  1929 |       1 |
|  2910 |  2085 |       2 |
|  2911 |  1518 |       2 |
|  2912 |   840 |       2 |
|  2914 |  1065 |       2 |
|  2916 |  2115 |       3 |
|  2917 |  1581 |       3 |
|  2919 |  2745 |       2 |
|  2920 |  2742 |       1 |
|  2921 |  1425 |       3 |
|  2923 |  3150 |       3 |
|  2924 |   954 |       2 |
|  2925 |  1620 |       3 |
|  2926 |  4167 |       5 |
|  2927 |   966 |       1 |
|  2930 |  2091 |       1 |
|  2931 |  3228 |       1 |
|  2932 |   600 |       2 |
|  2934 |  1380 |       1 |
|  2935 |  2001 |       2 |
|  2936 |  1707 |       3 |
|  2937 |   969 |       1 |
|  2938 |  2079 |       2 |
|  2939 |  1482 |       2 |
|  2940 |  2370 |       2 |
|  2941 |  2229 |       2 |
|  2944 |  1227 |       1 |
|  2945 |  1455 |       1 |
|  2946 |  2256 |       1 |
|  2947 |  3543 |       2 |
|  2948 |  1212 |       1 |
|  2949 |  1515 |       1 |
|  2950 |  1113 |       1 |
|  2951 |  1530 |       2 |
|  2952 |  1551 |       2 |
|  2953 |  1614 |       2 |
|  2956 |  1854 |       4 |
|  2957 |  1131 |       2 |
|  2958 |  1032 |       1 |
|  2959 |  1359 |       3 |
|  2960 |   969 |       2 |
|  2961 |  1356 |       2 |
|  2962 |  2520 |       2 |
|  2963 |  2325 |       2 |
|  2964 |  1176 |       1 |
|  2965 |  1842 |       1 |
|  2966 |  2700 |       2 |
|  2967 |  2646 |       2 |
|  2968 |  3150 |       2 |
|  2969 |  1065 |       3 |
|  2971 |  3549 |       2 |
|  2972 |  2403 |       2 |
|  2973 |  1683 |       2 |
|  2974 |  1455 |       1 |
|  2977 |  2007 |       2 |
|  2978 |  1713 |       4 |
|  2979 |  1365 |       2 |
|  2980 |  1614 |       2 |
|  2981 |   900 |       2 |
|  2982 |  1854 |       2 |
|  2984 |  1689 |       3 |
|  2985 |  3165 |       2 |
|  2986 |  4035 |       1 |
|  2987 |  1131 |       2 |
|  2988 |  2646 |       3 |
|  2989 |  1833 |       3 |
|  2990 |   840 |       2 |
|  2993 |  1260 |       3 |
|  2994 |  1662 |       3 |
|  2995 |   867 |       2 |
|  2997 |  1578 |       3 |
|  2998 |  1455 |       2 |
|  2999 |  2331 |       4 |
|  3004 |  1284 |       3 |
|  3005 |   735 |       2 |
|  3006 |  1410 |       3 |
|  3008 |   963 |       1 |
|  3009 |  3666 |       2 |
|  3010 |  1290 |       2 |
|  3011 |  2193 |       1 |
|  3012 |  2100 |       2 |
|  3013 |  2391 |       2 |
|  3016 |  3201 |       2 |
|  3017 |  4275 |       2 |
|  3020 |  3612 |       2 |
|  3021 |  2415 |       2 |
|  3022 |  1194 |       1 |
|  3023 |  2664 |       2 |
|  3024 |  1869 |       2 |
|  3025 |  3261 |       2 |
|  3027 |  1677 |       2 |
|  3029 |  1770 |       2 |
|  3030 |   999 |       2 |
|  3031 |  1029 |       2 |
|  3034 |  2094 |       2 |
|  3035 |  1743 |       2 |
|  3039 |   969 |       1 |
|  3040 |  3327 |       2 |
|  3041 |  2645 |       2 |
|  3042 |  2868 |       2 |
|  3043 |  2553 |       2 |
|  3045 |  1554 |       1 |
|  3046 |  2352 |       2 |
|  3047 |  3975 |       2 |
|  3048 |  2292 |       2 |
|  3049 |  2358 |       2 |
|  3050 |  2463 |       1 |
|  3051 |  1965 |       1 |
|  3052 |  3072 |       1 |
|  3053 |  2613 |       2 |
|  3054 |  2709 |       2 |
|  3055 |  2196 |       1 |
|  3056 |  2193 |       2 |
|  3057 |  2520 |       2 |
|  3058 |  3486 |       2 |
|  3060 |  4263 |       2 |
|  3062 |  2670 |       2 |
|  3063 |  3645 |       2 |
|  3065 |  1131 |       1 |
|  3066 |  3384 |       2 |
|  3067 |  2694 |       2 |
|  3068 |  3231 |       2 |
|  3069 |  3378 |       3 |
|  3070 |  6606 |       2 |
|  3071 |  2574 |       2 |
|  3073 |  1128 |       1 |
|  3075 |  4836 |       1 |
|  3077 |  1116 |       1 |
|  3078 |  3960 |       2 |
|  3079 |  1449 |       1 |
|  3082 |  2748 |       2 |
|  3083 |  1287 |       2 |
|  3084 |  2034 |       2 |
|  3087 |  2259 |       1 |
|  3088 |  1938 |       2 |
|  3089 |  1131 |       2 |
|  3091 |  1611 |       1 |
|  3092 |  3546 |       2 |
|  3094 |  2901 |       2 |
|  3095 |  3195 |       2 |
|  3096 |  2676 |       2 |
|  3097 |  3126 |       2 |
|  3098 |  1443 |       1 |
|  3099 |  2415 |       2 |
|  3100 |  2388 |       2 |
|  3101 |   807 |       1 |
|  3102 |  2838 |       2 |
|  3103 |  1506 |       2 |
|  3104 |   996 |       2 |
|  3105 |  1935 |       2 |
|  3106 |  1452 |       1 |
|  3107 |   870 |       1 |
|  3108 |  2097 |       1 |
|  3109 |  3579 |       3 |
|  3120 |  1764 |       2 |
|  3121 |   750 |       1 |
|  3128 |  2556 |       1 |
|  3134 |  5025 |       2 |
|  3135 |  6648 |       2 |
|  3138 |  1440 |       2 |
|  3139 |  1995 |       1 |
|  3141 |   660 |       1 |
|  3144 |  4458 |       2 |
|  3145 |  1500 |       1 |
|  3147 |  1386 |       3 |
|  3149 |   720 |       3 |
|  3150 |  1140 |       2 |
|  3151 |  2256 |       2 |
|  3155 |   963 |       1 |
|  3156 |  4197 |       1 |
|  3157 |  4515 |       3 |
|  3158 |  1938 |       1 |
|  3159 |  1470 |       1 |
|  3164 |   741 |       1 |
|  3166 |  5358 |       2 |
|  3167 |  3306 |       2 |
|  3168 |  3219 |       1 |
|  3169 |  3216 |       2 |
|  3170 |  2097 |       1 |
|  3172 |  2586 |       1 |
|  3174 |  3699 |       2 |
|  3175 |  4425 |       3 |
|  3176 |  1836 |       3 |
|  3177 |  1032 |       2 |
|  3178 |  1860 |       3 |
|  3179 |  1485 |       2 |
|  3180 |  1680 |       1 |
|  3181 |  1512 |       1 |
|  3182 |  2091 |       2 |
|  3183 |  1539 |       1 |
|  3184 |  2727 |       1 |
|  3185 |  3300 |       1 |
|  3186 |  2082 |       2 |
|  3188 |  1614 |       1 |
|  3189 |  4884 |       1 |
|  3190 |  2004 |       1 |
|  3191 |   807 |       1 |
|  3194 |  1449 |       1 |
|  3195 |  6243 |       2 |
|  3196 |   969 |       2 |
|  3197 |  1404 |       1 |
|  3200 |  1707 |       2 |
|  3202 |  1875 |       3 |
|  3204 |  1353 |       1 |
|  3205 |  2319 |       1 |
|  3206 |  2976 |       5 |
|  3207 |  3837 |       2 |
|  3208 |  2898 |       1 |
|  3211 |  1677 |       2 |
|  3212 |  2811 |       2 |
|  3213 |  1287 |       1 |
|  3214 |  1131 |       1 |
|  3215 |  1293 |       1 |
|  3218 |  1281 |       1 |
|  3221 |  1197 |       1 |
|  3222 |   966 |       1 |
|  3223 |  1848 |       3 |
|  3224 |  6024 |       2 |
|  3227 |   966 |       1 |
|  3229 |  1200 |       2 |
|  3230 |  2301 |       3 |
|  3232 |  1131 |       1 |
|  3236 |  1449 |       1 |
|  3237 |  4356 |       2 |
|  3238 |  1035 |       2 |
|  3239 |  1938 |       1 |
|  3240 |  1614 |       1 |
|  3241 |   903 |       1 |
|  3244 |  1722 |       1 |
|  3245 |   966 |       2 |
|  3250 |  2289 |       4 |
|  3255 |   927 |       2 |
|  3257 |  1446 |       2 |
|  3258 |  1095 |       2 |
|  3261 |  1098 |       2 |
|  3262 |  1320 |       2 |
|  3263 |  1545 |       1 |
|  3264 |  1365 |       2 |
|  3265 |   873 |       1 |
|  3266 |   969 |       1 |
|  3267 |  1506 |       1 |
|  3268 |  1407 |       1 |
|  3269 |  1140 |       2 |
|  3270 |  1815 |       3 |
|  3271 |  1668 |       2 |
|  3273 |   876 |       2 |
|  3274 |  1359 |       3 |
|  3275 |  1875 |       2 |
|  3276 |   903 |       2 |
|  3277 |  1005 |       2 |
|  3278 |  1887 |       2 |
|  3285 |  2469 |       1 |
|  3286 |  2025 |       3 |
|  3287 |  1680 |       2 |
|  3288 |  1161 |       2 |
|  3290 |  1350 |       2 |
|  3291 |  1578 |       3 |
|  3292 |  1722 |       3 |
|  3293 |   798 |       1 |
|  3295 |  1452 |       2 |
|  3296 |  1830 |       3 |
|  3297 |  2538 |       1 |
|  3298 |  2553 |       2 |
|  3299 |  1227 |       1 |
|  3301 |  3348 |       2 |
|  3302 |  2727 |       2 |
|  3303 |  1500 |       2 |
|  3304 |  2739 |       3 |
|  3305 |  1092 |       2 |
|  3306 |  1275 |       2 |
|  3308 | 18054 |       5 |
|  3309 |   900 |       2 |
|  3311 |  3852 |       1 |
|  3312 |  1221 |       1 |
|  3313 |  1116 |       1 |
|  3314 |  2262 |       2 |
|  3315 |  3003 |       2 |
|  3316 |  2097 |       1 |
|  3319 |   903 |       2 |
|  3320 |  1776 |       2 |
|  3321 |  1068 |       2 |
|  3324 |  2094 |       4 |
|  3325 |  1110 |       2 |
|  3327 |  1665 |       3 |
|  3328 |  1965 |       3 |
|  3330 |  1968 |       3 |
|  3331 |  3033 |       1 |
|  3332 |  1737 |       3 |
|  3334 |  1161 |       2 |
|  3335 |  1947 |       2 |
|  3336 |  1386 |       2 |
|  3342 |  1125 |       2 |
|  3343 |   963 |       3 |
|  3345 |   837 |       2 |
|  3347 |  1191 |       3 |
|  3348 |  1134 |       2 |
|  3349 |  2130 |       3 |
|  3350 |  2196 |       4 |
|  3351 |  1065 |       2 |
|  3352 |  1131 |       3 |
|  3353 |  1647 |       3 |
|  3354 |  2109 |       3 |
|  3355 |  2502 |       3 |
|  3356 |  2550 |       1 |
|  3359 |   861 |       1 |
|  3360 |  1026 |       2 |
|  3361 |   516 |       1 |
|  3363 |  1032 |       1 |
|  3366 |  2355 |       2 |
|  3367 |  1560 |       2 |
|  3370 |  1092 |       4 |
|  3372 |   969 |       2 |
|  3375 |  1596 |       4 |
|  3377 |  1242 |       2 |
|  3378 |   879 |       2 |
|  3379 |  2004 |       4 |
|  3380 |  1221 |       2 |
|  3383 |  2085 |       1 |
|  3384 |  1455 |       2 |
|  3385 |  3174 |       2 |
|  3388 |   963 |       2 |
|  3390 |  1935 |       1 |
|  3392 |  2061 |       2 |
|  3393 |  1452 |       1 |
|  3394 |  1128 |       1 |
|  3395 |  2154 |       2 |
|  3396 |  1092 |       2 |
|  3397 |  2418 |       3 |
|  3398 |  1128 |       1 |
|  3399 |  2412 |       1 |
|  3400 |  2805 |       2 |
|  3402 |  1407 |       2 |
|  3403 |  1425 |       2 |
|  3404 |  1470 |       3 |
|  3406 |  1422 |       2 |
|  3407 |   966 |       1 |
|  3408 |  1194 |       2 |
|  3409 |  2904 |       1 |
|  3410 |  3207 |       4 |
|  3411 |  3561 |       4 |
|  3419 |  2481 |       2 |
|  3420 |   750 |       1 |
|  3421 |   900 |       1 |
|  3423 |  3000 |       1 |
|  3424 |  1452 |       1 |
|  3428 |  1608 |       1 |
|  3429 |   680 |       1 |
|  3430 |  1128 |       1 |
|  3431 |   642 |       1 |
|  3433 |  3003 |       2 |
|  3436 |  1350 |       1 |
|  3439 |  1926 |       2 |
|  3440 |  3219 |       2 |
|  3442 |  2280 |       2 |
|  3443 |  2412 |       2 |
|  3444 |  1290 |       3 |
|  3445 |  1650 |       2 |
|  3446 |  2196 |       3 |
|  3447 |  2424 |       5 |
|  3448 |  1680 |       1 |
|  3449 |  1050 |       1 |
|  3450 |  2907 |       1 |
|  3451 |  2100 |       1 |
|  3453 |  1128 |       1 |
|  3454 |  1260 |       3 |
|  3457 |  5454 |       2 |
|  3463 |  1050 |       1 |
|  3464 |  1290 |       1 |
|  3465 |  3213 |       2 |
|  3466 |  1677 |       1 |
|  3467 |  1608 |       1 |
|  3468 |  2421 |       1 |
|  3470 |  3663 |       2 |
|  3472 |  2550 |       4 |
|  3474 |  1980 |       2 |
|  3475 |  1500 |       1 |
|  3476 |  1020 |       3 |
|  3477 |   660 |       1 |
|  3478 |  1548 |       1 |
|  3480 |  2256 |       1 |
|  3481 |  8784 |       1 |
|  3482 |  1050 |       1 |
|  3483 |  8922 |       1 |
|  3484 |  3357 |       1 |
|  3486 |  3426 |       1 |
|  3488 | 14667 |       2 |
|  3490 | 23901 |       3 |
|  3491 |  8565 |       2 |
|  3492 | 27090 |       5 |
|  3493 |  4458 |       1 |
|  3494 | 10602 |       3 |
|  3496 |  2892 |       1 |
|  3497 | 13953 |       3 |
|  3499 |  3498 |       1 |
|  3500 | 12945 |       3 |
|  3501 |  3600 |       1 |
|  3503 |  8376 |       2 |
|  3504 | 15399 |       5 |
|  3506 | 14907 |       3 |
|  3507 | 11136 |       4 |
|  3508 |  4122 |       1 |
|  3510 | 10656 |       2 |
|  3511 |  9891 |       1 |
|  3512 | 10335 |       4 |
|  3513 |  3000 |       1 |
|  3515 | 14466 |       5 |
|  3516 |  5778 |       2 |
|  3517 |  5343 |       2 |
|  3518 | 13647 |       2 |
|  3519 |  9558 |       2 |
|  3520 |  6819 |       2 |
|  3522 |  4500 |       1 |
|  3523 |  2250 |       1 |
|  3524 |  7212 |       2 |
|  3525 |  8361 |       2 |
|  3527 |  2100 |       1 |
|  3528 |  1254 |       2 |
|  3530 |   774 |       1 |
|  3531 |  1446 |       1 |
|  3532 |   870 |       1 |
|  3533 |   450 |       2 |
|  3534 |   450 |       2 |
|  3535 |  1800 |       1 |
|  3538 |  2421 |       1 |
|  3539 |  3288 |       2 |
|  3540 |  1089 |       2 |
|  3542 |  1800 |       1 |
|  3543 |  1197 |       1 |
|  3544 |  3050 |       5 |
|  3550 |  1860 |       4 |
|  3551 |  1290 |       1 |
|  3552 |  4960 |       2 |
|  3553 |  8568 |       2 |
|  3554 | 11283 |       3 |
|  3555 | 18780 |       4 |
|  3556 | 13419 |       1 |
|  3557 |  3105 |       1 |
|  3559 |  7890 |       2 |
|  3560 | 13914 |       4 |
|  3562 |  3000 |       1 |
|  3563 | 22131 |       6 |
|  3564 |  3000 |       1 |
|  3565 |  3300 |       1 |
|  3566 | 19836 |       2 |
|  3567 | 13692 |       3 |
|  3568 | 16797 |       3 |
|  3570 | 20310 |       2 |
|  3571 |  3207 |       1 |
|  3574 |  3000 |       1 |
|  3583 | 13128 |       2 |
|  3584 |  8250 |       1 |
|  3585 | 10581 |       2 |
|  3586 |  7017 |       2 |
|  3589 |  8022 |       2 |
|  3590 |  8373 |       2 |
|  3591 |  6543 |       2 |
|  3592 |  5250 |       1 |
|  3595 | 15843 |       5 |
|  3596 |  6567 |       2 |
|  3597 |  9411 |       2 |
|  3598 |  2250 |       1 |
|  3599 |  7764 |       2 |
|  3600 | 15162 |       4 |
|  3601 |  7650 |       2 |
|  3602 |  9981 |       1 |
|  3603 | 24618 |       6 |
|  3604 | 14184 |       5 |
|  3606 | 35810 |       8 |
|  3607 |  8790 |       2 |
|  3608 |  8994 |       2 |
|  3609 |  3132 |       1 |
|  3613 |  6993 |       3 |
|  3615 |  3219 |       2 |
|  3616 | 11052 |       4 |
|  3617 |  8064 |       1 |
|  3618 |  6210 |       1 |
|  3619 |  7617 |       2 |
|  3620 | 11589 |       2 |
|  3621 |  9186 |       2 |
|  3622 |  6177 |       2 |
|  3623 | 10056 |       2 |
|  3624 |  3600 |       1 |
|  3625 |  9663 |       2 |
|  3626 | 10182 |       2 |
|  3627 | 11607 |       5 |
|  3629 | 10701 |       1 |
|  3630 |  1500 |       1 |
|  3631 |  3600 |       1 |
|  3633 |  1050 |       1 |
|  3634 | 10170 |       2 |
|  3635 |  1050 |       1 |
|  3636 |  3330 |       2 |
|  3637 |  9108 |       2 |
|  3638 |  3765 |       2 |
|  3639 |  4122 |       2 |
|  3640 |  1200 |       1 |
|  3641 |  9396 |       2 |
|  3642 | 12162 |       2 |
|  3643 |  3000 |       1 |
|  3645 |  3600 |       1 |
|  3646 | 12897 |       2 |
|  3648 | 15936 |       3 |
|  3649 | 23769 |       2 |
|  3650 | 18687 |       2 |
|  3652 |  8271 |       2 |
|  3653 | 10017 |       2 |
|  3654 |  4500 |       1 |
|  3655 |  5430 |       2 |
|  3656 |  9351 |       3 |
|  3657 |  7011 |       2 |
|  3658 |  9777 |       3 |
|  3659 |  4719 |       2 |
|  3660 |  9414 |       2 |
|  3661 |  8820 |       4 |
|  3662 |  3000 |       1 |
|  3663 | 10839 |       2 |
|  3664 | 11901 |       1 |
|  3665 | 13308 |       3 |
|  3666 |  9294 |       4 |
|  3667 |  6378 |       2 |
|  3668 |  8316 |       2 |
|  3669 |  5658 |       1 |
|  3670 |  7734 |       1 |
|  3671 |  7158 |       3 |
|  3672 |  6270 |       2 |
|  3673 |  9045 |       4 |
|  3675 |  5607 |       1 |
|  3677 |  3450 |       1 |
|  3678 |  5328 |       2 |
|  3679 | 12993 |       1 |
|  3681 |  5641 |       3 |
|  3682 |  6333 |       2 |
|  3683 | 17505 |       6 |
|  3684 |  8937 |       3 |
|  3685 |  4500 |       1 |
|  3687 |  5433 |       1 |
|  3688 |  6210 |       2 |
|  3689 |  3000 |       1 |
|  3690 | 12345 |       4 |
|  3691 | 12528 |       4 |
|  3692 |  6210 |       2 |
|  3693 |  3600 |       1 |
|  3694 | 11562 |       2 |
|  3697 | 18765 |       3 |
|  3698 |  5853 |       2 |
|  3699 |  4500 |       1 |
|  3700 |  7923 |       2 |
|  3702 |  5319 |       2 |
|  3703 |  8778 |       2 |
|  3704 | 11988 |       3 |
|  3705 | 19989 |       2 |
|  3707 |  3849 |       1 |
|  3708 | 12234 |       3 |
|  3709 | 13383 |       3 |
|  3710 |  9627 |       2 |
|  3711 | 23091 |       4 |
|  3716 |  7173 |       1 |
|  3717 | 11655 |       3 |
|  3718 | 10389 |       2 |
|  3719 |  4950 |       1 |
|  3721 |  7470 |       2 |
|  3722 |  5220 |       2 |
|  3723 |  5277 |       2 |
|  3724 |  6057 |       2 |
|  3726 |  6390 |       2 |
|  3727 |  8352 |       1 |
|  3729 |  9477 |       2 |
|  3730 | 11796 |       3 |
|  3733 |  7902 |       3 |
|  3735 |  5214 |       1 |
|  3736 |  4500 |       1 |
|  3737 | 13419 |       1 |
|  3738 |  9024 |       2 |
|  3739 | 10917 |       1 |
|  3741 | 15558 |       1 |
|  3742 |  8067 |       2 |
|  3743 | 14289 |       2 |
|  3744 |  9672 |       1 |
|  3745 |  8778 |       1 |
|  3746 | 13773 |       1 |
|  3747 | 10530 |       2 |
|  3748 | 10599 |       2 |
|  3749 |  6771 |       2 |
|  3750 | 14457 |       2 |
|  3754 | 18945 |       2 |
|  3755 |  6987 |       2 |
|  3756 |  4500 |       1 |
|  3757 |  7347 |       2 |
|  3758 |  6066 |       1 |
|  3759 |  7581 |       1 |
|  3760 |  4200 |       1 |
|  3761 | 12237 |       2 |
|  3762 | 11592 |       2 |
|  3763 | 16953 |       2 |
|  3764 |  6438 |       2 |
|  3766 | 11286 |       1 |
|  3769 |  6336 |       2 |
|  3770 |  8838 |       2 |
|  3771 |  7047 |       2 |
|  3772 |  8055 |       2 |
|  3773 |  4428 |       1 |
|  3774 |  7530 |       2 |
|  3775 | 14805 |       5 |
|  3776 |  3777 |       1 |
|  3777 | 22143 |       2 |
|  3778 |  1950 |       1 |
|  3780 |  5529 |       2 |
|  3781 |  6453 |       2 |
|  3783 | 13554 |       4 |
|  3784 |  8919 |       3 |
|  3786 | 14013 |       3 |
|  3787 |  6486 |       2 |
|  3788 | 11205 |       3 |
|  3789 | 16914 |       2 |
|  3790 | 12159 |       2 |
|  3791 | 13236 |       2 |
|  3793 |  6213 |       2 |
|  3795 | 12027 |       1 |
|  3796 | 11820 |       2 |
|  3797 |  7872 |       3 |
|  3798 |  5529 |       2 |
|  3802 |   630 |       2 |
|  3804 |  1050 |       2 |
|  3805 |  2493 |       4 |
|  3806 |  8781 |       2 |
|  3812 |  8677 |       2 |
|  3814 |  3900 |       1 |
|  3816 |  4170 |       1 |
|  3819 |  5417 |       2 |
|  3820 |  1500 |       1 |
|  3824 |  5787 |       1 |
|  3826 |  5895 |       2 |
|  3829 |   672 |       2 |
|  3830 |  2316 |       1 |
|  3831 |  5130 |       2 |
|  3832 |  2100 |       1 |
|  3835 |  2841 |       1 |
|  3836 |  5808 |       1 |
|  3838 |   750 |       1 |
|  3839 |  2160 |       1 |
|  3842 | 13200 |       2 |
|  3846 |  1386 |       2 |
|  3847 |  1561 |       1 |
|  3849 |  3234 |       4 |
|  3855 |  4176 |       4 |
|  3856 |  1932 |       2 |
|  3857 |  3030 |       2 |
|  3859 |  2583 |       1 |
|  3860 |  7647 |       1 |
|  3861 |  7026 |       3 |
|  3862 | 16050 |       3 |
|  3863 | 11058 |       3 |
|  3867 |  7575 |       2 |
|  3868 |  9324 |       2 |
|  3869 |  8469 |       2 |
|  3870 |  5526 |       1 |
|  3872 |  1446 |       2 |
|  3875 |  3390 |       1 |
|  3880 |  3204 |       2 |
|  3881 |  6987 |       2 |
|  3883 |  3228 |       1 |
|  3884 | 46182 |       7 |
|  3886 | 13308 |       2 |
|  3888 | 13662 |       3 |
|  3892 |  6834 |       2 |
|  3893 |  3000 |       1 |
|  3895 | 43643 |       7 |
|  3896 | 21264 |       3 |
|  3897 |  9273 |       2 |
|  3898 |  9681 |       2 |
|  3899 | 24285 |       7 |
|  3901 | 26235 |       4 |
|  3902 | 15960 |       5 |
|  3904 | 22074 |       4 |
|  3905 | 21357 |       5 |
|  3906 | 14994 |       4 |
|  3907 |  3300 |       1 |
|  3909 | 34902 |       9 |
|  3910 | 13509 |       2 |
|  3911 |  7392 |       2 |
|  3912 |  9819 |       3 |
|  3913 | 12525 |       3 |
|  3915 | 12444 |       3 |
|  3916 |  9387 |       3 |
|  3917 | 10455 |       2 |
|  3920 |  1950 |       1 |
|  3921 |  8427 |       3 |
|  3922 | 10365 |       3 |
|  3923 |  9732 |       2 |
|  3924 | 13827 |       3 |
|  3927 |  9240 |       1 |
|  3928 | 11259 |       1 |
|  3929 | 18112 |       3 |
|  3930 |  9225 |       3 |
|  3931 |  9987 |       1 |
|  3935 |  1290 |       1 |
|  3937 |  8067 |       2 |
|  3938 | 45384 |       5 |
|  3940 |  8781 |       1 |
|  3943 |  5415 |       1 |
|  3944 |  5811 |       2 |
|  3945 | 14334 |       1 |
|  3946 | 10380 |       3 |
|  3947 | 14997 |       5 |
|  3949 | 14622 |       4 |
|  3950 | 11031 |       3 |
|  3951 |  9804 |       2 |
|  3953 | 12021 |       4 |
|  3954 | 15225 |       5 |
|  3955 | 10050 |       3 |
|  3957 | 11670 |       3 |
|  3958 | 30678 |       6 |
|  3959 | 21030 |       6 |
|  3960 | 12834 |       4 |
|  3961 | 16911 |       3 |
|  3962 |  2850 |       1 |
|  3963 | 25764 |       2 |
|  3964 |  7329 |       2 |
|  3965 |  3300 |       1 |
|  3966 | 12627 |       1 |
|  3968 |  2700 |       1 |
|  3971 | 20229 |       2 |
|  3973 |  9207 |       2 |
|  3974 | 12894 |       2 |
|  3975 | 21780 |       2 |
|  3976 |  3000 |       1 |
|  3978 | 14046 |       1 |
|  3979 | 11991 |       3 |
|  3980 | 18624 |       5 |
|  3982 | 11106 |       3 |
|  3984 | 15969 |       2 |
|  3985 | 11334 |       3 |
|  3987 | 32043 |       4 |
|  3989 | 14415 |       2 |
|  3990 | 13489 |       3 |
|  3994 | 18051 |       2 |
|  3995 |  9135 |       1 |
|  3996 |  9027 |       2 |
|  3997 | 29469 |       2 |
|  3999 | 12417 |       2 |
|  4000 | 11349 |       2 |
|  4001 | 27870 |       6 |
|  4002 |  6528 |       2 |
|  4004 |  2100 |       1 |
|  4005 |  8541 |       2 |
|  4007 | 12363 |       3 |
|  4008 | 15342 |       4 |
|  4009 |  7953 |       1 |
|  4010 | 30885 |       8 |
|  4014 |  9939 |       4 |
|  4016 | 10755 |       2 |
|  4017 |  2550 |       1 |
|  4018 | 12273 |       2 |
|  4021 | 12924 |       3 |
|  4023 | 11916 |       2 |
|  4024 | 12516 |       2 |
|  4027 | 14505 |       4 |
|  4028 |  3000 |       1 |
|  4029 |  6720 |       2 |
|  4031 |  4710 |       1 |
|  4032 |  4500 |       1 |
|  4033 |  9984 |       3 |
|  4036 |  4800 |       1 |
|  4037 |  2550 |       1 |
|  4038 |  8949 |       2 |
|  4039 |  2550 |       1 |
|  4040 | 18201 |       4 |
|  4041 |  8214 |       4 |
|  4042 | 15384 |       3 |
|  4043 |  5550 |       2 |
|  4044 |  2400 |       1 |
|  4045 |  6264 |       1 |
|  4047 | 20649 |       4 |
|  4048 | 18600 |       3 |
|  4049 | 19021 |       4 |
|  4050 | 13188 |       4 |
|  4051 | 45588 |       6 |
|  4052 |  8421 |       1 |
|  4053 | 16065 |       5 |
|  4054 | 10485 |       3 |
|  4057 |  5136 |       2 |
|  4059 |  6618 |       2 |
|  4060 | 10641 |       3 |
|  4061 | 13182 |       2 |
|  4062 |  5550 |       1 |
|  4063 |  3600 |       1 |
|  4064 | 13608 |       3 |
|  4065 |  4320 |       2 |
|  4067 | 14103 |       2 |
|  4069 |  6753 |       1 |
|  4070 |  9426 |       2 |
|  4072 |  3000 |       1 |
|  4075 |  6936 |       1 |
|  4076 |  7710 |       2 |
|  4077 | 10167 |       1 |
|  4079 |  8559 |       2 |
|  4080 |  9543 |       2 |
|  4081 |  6267 |       2 |
|  4082 | 12162 |       3 |
|  4085 |  4800 |       1 |
|  4086 |  6678 |       1 |
|  4087 | 10296 |       3 |
|  4088 |  2550 |       1 |
|  4089 | 25983 |       6 |
|  4091 | 13716 |       2 |
|  4092 | 19368 |       4 |
|  4093 | 12795 |       4 |
|  4094 | 13341 |       4 |
|  4095 | 34809 |       5 |
|  4096 | 12516 |       1 |
|  4097 | 12594 |       3 |
|  4098 |  9594 |       3 |
|  4099 | 11628 |       2 |
|  4100 | 16560 |       5 |
|  4102 | 14817 |       2 |
|  4103 |  9726 |       2 |
|  4104 |  4200 |       1 |
|  4105 |  4200 |       1 |
|  4106 | 20964 |       3 |
|  4108 | 16698 |       2 |
|  4109 |  7767 |       2 |
|  4110 | 20007 |       1 |
|  4111 |  9300 |       1 |
|  4112 | 14898 |       4 |
|  4113 |  5157 |       1 |
|  4115 |   540 |       2 |
|  4119 | 19123 |       7 |
|  4123 |  7032 |       2 |
|  4124 |  9420 |       2 |
|  4125 |  9687 |       1 |
|  4126 | 10614 |       2 |
|  4130 |  4197 |       1 |
|  4131 |  8118 |       3 |
|  4135 | 19273 |       2 |
|  4641 |  1140 |       2 |
|  4644 |  1200 |       1 |
|  4646 |  2100 |       1 |
|  4648 |  1200 |       1 |
|  4649 |  7500 |       2 |
|  4650 |  2550 |       1 |
|  4652 |  1350 |       1 |
|  4653 |  1323 |       1 |
|  4654 |  1050 |       1 |
|  4655 |  2460 |       2 |
|  4656 |  3870 |       1 |
|  4657 |  6447 |       1 |
|  4658 |  1449 |       1 |
|  4659 |  2700 |       2 |
|  4660 |  2502 |       1 |
|  4661 |  1962 |       2 |
|  4662 |  3579 |       2 |
|  4663 |  4605 |       6 |
|  4665 |  1284 |       2 |
|  4666 |  1548 |       1 |
|  4667 |  3873 |       1 |
|  4668 |   903 |       1 |
|  4670 |  5445 |       2 |
|  4672 |  1869 |       1 |
|  4673 |  2889 |       2 |
|  4677 |  6300 |       1 |
|  4678 |  3306 |       2 |
|  4680 |  1500 |       2 |
|  4682 |   963 |       1 |
|  4685 |  6348 |       2 |
|  4686 |  1380 |       1 |
|  4687 |  1363 |       1 |
+-------+-------+---------+
2925 rows in set (0.03 sec)

mysql> NOTEE;
