mysql> select left(i,4),nat_id,incomeclass.x as incomeBracket,sum(expense.x),sum(q),count(*) from expense,incomeclass where f=fs_id  group by nat_id,incomeclass.x,left(i,4);
+-----------+--------+---------------+----------------+--------+----------+
| left(i,4) | nat_id | incomeBracket | sum(expense.x) | sum(q) | count(*) |
+-----------+--------+---------------+----------------+--------+----------+
| 0111      |      1 |             1 |       3389.955 |   2617 |     1213 |
| 0112      |      1 |             1 |       6239.925 |    709 |      466 |
| 0113      |      1 |             1 |       2866.380 |    307 |      195 |
| 0114      |      1 |             1 |       2044.261 |   1665 |      926 |
| 0115      |      1 |             1 |        835.735 |    267 |      195 |
| 0116      |      1 |             1 |       1606.325 |    846 |      713 |
| 0117      |      1 |             1 |       1802.840 |   1731 |     1344 |
| 0118      |      1 |             1 |        740.770 |    376 |      266 |
| 0119      |      1 |             1 |        808.885 |    715 |      553 |
| 0121      |      1 |             1 |        765.595 |    374 |      228 |
| 0122      |      1 |             1 |       1677.740 |    819 |      366 |
| 0220      |      1 |             1 |         34.450 |     52 |       52 |
| 0311      |      1 |             1 |       1269.000 |     56 |       37 |
| 0312      |      1 |             1 |      17726.875 |   1289 |      906 |
| 0313      |      1 |             1 |        847.830 |    100 |       78 |
| 0314      |      1 |             1 |       2860.200 |    467 |      280 |
| 0321      |      1 |             1 |       2726.030 |    267 |      228 |
| 0322      |      1 |             1 |         19.000 |      5 |        4 |
| 0411      |      1 |             1 |      34290.000 |    102 |      102 |
| 0421      |      1 |             1 |      19475.000 |     46 |       46 |
| 0431      |      1 |             1 |       2505.635 |     54 |       49 |
| 0432      |      1 |             1 |       5728.500 |     87 |       80 |
| 0441      |      1 |             1 |       1369.000 |    148 |      148 |
| 0442      |      1 |             1 |        296.000 |     96 |       96 |
| 0443      |      1 |             1 |         25.000 |      2 |        2 |
| 0451      |      1 |             1 |       2481.500 |    147 |      147 |
| 0452      |      1 |             1 |        237.290 |    157 |      133 |
| 0454      |      1 |             1 |        168.645 |     68 |       66 |
| 0511      |      1 |             1 |       3269.555 |    136 |      112 |
| 0512      |      1 |             1 |       2476.150 |     69 |       59 |
| 0513      |      1 |             1 |        210.000 |      2 |        2 |
| 0520      |      1 |             1 |       4549.135 |    461 |      260 |
| 0531      |      1 |             1 |       3002.340 |     65 |       59 |
| 0532      |      1 |             1 |       1251.410 |     94 |       88 |
| 0533      |      1 |             1 |        596.000 |     36 |       35 |
| 0540      |      1 |             1 |       4731.580 |    682 |      301 |
| 0551      |      1 |             1 |         10.150 |      5 |        4 |
| 0552      |      1 |             1 |       1249.480 |    255 |      128 |
| 0561      |      1 |             1 |       9169.220 |   2872 |     1611 |
| 0562      |      1 |             1 |      12209.000 |    181 |      165 |
| 0611      |      1 |             1 |       1190.130 |    111 |      104 |
| 0612      |      1 |             1 |         31.600 |     16 |       15 |
| 0613      |      1 |             1 |        734.400 |     24 |       24 |
| 0621      |      1 |             1 |        760.000 |     36 |       36 |
| 0622      |      1 |             1 |        414.000 |     13 |       13 |
| 0623      |      1 |             1 |        181.250 |      7 |        7 |
| 0630      |      1 |             1 |        800.000 |      3 |        3 |
| 0713      |      1 |             1 |         25.000 |      1 |        1 |
| 0721      |      1 |             1 |       2814.690 |     69 |       56 |
| 0722      |      1 |             1 |       9843.950 |   2755 |     1016 |
| 0723      |      1 |             1 |       5363.445 |    404 |      369 |
| 0724      |      1 |             1 |       2170.750 |    117 |       69 |
| 0732      |      1 |             1 |        265.000 |     33 |       31 |
| 0733      |      1 |             1 |       4955.000 |     14 |       10 |
| 0736      |      1 |             1 |          2.500 |      1 |        1 |
| 0810      |      1 |             1 |        100.000 |      1 |        1 |
| 0820      |      1 |             1 |       1811.800 |     80 |       79 |
| 0830      |      1 |             1 |       6658.250 |    606 |      559 |
| 0911      |      1 |             1 |       1423.500 |     26 |       26 |
| 0912      |      1 |             1 |         23.000 |      1 |        1 |
| 0913      |      1 |             1 |        458.100 |     17 |       17 |
| 0914      |      1 |             1 |         64.750 |      9 |        8 |
| 0915      |      1 |             1 |        154.320 |     12 |       12 |
| 0922      |      1 |             1 |         29.990 |      1 |        1 |
| 0923      |      1 |             1 |         12.000 |      1 |        1 |
| 0931      |      1 |             1 |        313.750 |     24 |       24 |
| 0932      |      1 |             1 |        758.200 |     17 |       17 |
| 0933      |      1 |             1 |        139.450 |     20 |       19 |
| 0934      |      1 |             1 |        139.940 |     18 |       18 |
| 0941      |      1 |             1 |       1608.950 |     70 |       45 |
| 0942      |      1 |             1 |        108.500 |     24 |       17 |
| 0951      |      1 |             1 |         66.750 |      7 |        6 |
| 0952      |      1 |             1 |        172.100 |    136 |      114 |
| 0953      |      1 |             1 |         36.500 |      7 |        3 |
| 0954      |      1 |             1 |       1767.670 |    357 |      191 |
| 0960      |      1 |             1 |        770.000 |      2 |        2 |
| 1010      |      1 |             1 |        330.000 |      3 |        3 |
| 1020      |      1 |             1 |       2185.000 |     34 |       27 |
| 1030      |      1 |             1 |         25.000 |      1 |        1 |
| 1040      |      1 |             1 |        650.000 |      2 |        2 |
| 1050      |      1 |             1 |       2195.800 |     30 |       28 |
| 1111      |      1 |             1 |       6609.835 |    969 |      840 |
| 1112      |      1 |             1 |        831.800 |    161 |      155 |
| 1120      |      1 |             1 |       1030.000 |      6 |        4 |
| 1211      |      1 |             1 |       2670.500 |    340 |      326 |
| 1212      |      1 |             1 |        140.790 |     10 |       10 |
| 1213      |      1 |             1 |       8325.220 |   2378 |     1660 |
| 1231      |      1 |             1 |       1030.380 |     85 |       68 |
| 1232      |      1 |             1 |       1315.700 |    110 |      107 |
| 1240      |      1 |             1 |          9.000 |      1 |        1 |
| 1254      |      1 |             1 |        274.500 |      5 |        5 |
| 1262      |      1 |             1 |         10.000 |      5 |        5 |
| 1270      |      1 |             1 |      17228.590 |    274 |      155 |
| 1310      |      1 |             1 |       8036.775 |     30 |       24 |
| 1320      |      1 |             1 |       7968.470 |    166 |      165 |
| 0111      |      1 |             2 |       2567.730 |   2092 |      975 |
| 0112      |      1 |             2 |       4900.200 |    631 |      364 |
| 0113      |      1 |             2 |       2437.910 |    260 |      131 |
| 0114      |      1 |             2 |       1704.675 |   1573 |      762 |
| 0115      |      1 |             2 |        597.205 |    242 |      152 |
| 0116      |      1 |             2 |       1417.465 |    804 |      557 |
| 0117      |      1 |             2 |       1529.355 |   1764 |     1179 |
| 0118      |      1 |             2 |       4445.460 |   1249 |      208 |
| 0119      |      1 |             2 |        674.560 |    754 |      490 |
| 0121      |      1 |             2 |        625.770 |    454 |      174 |
| 0122      |      1 |             2 |       1519.540 |   1355 |      304 |
| 0220      |      1 |             2 |         37.200 |     51 |       50 |
| 0311      |      1 |             2 |       1306.750 |     64 |       30 |
| 0312      |      1 |             2 |      17120.450 |   1198 |      663 |
| 0313      |      1 |             2 |        545.860 |     86 |       64 |
| 0314      |      1 |             2 |       2419.800 |    428 |      259 |
| 0321      |      1 |             2 |       3440.095 |    240 |      188 |
| 0322      |      1 |             2 |         35.100 |     14 |        9 |
| 0411      |      1 |             2 |       3165.000 |     12 |       12 |
| 0421      |      1 |             2 |      72930.000 |    105 |      105 |
| 0431      |      1 |             2 |        530.935 |     43 |       41 |
| 0432      |      1 |             2 |       2758.250 |    124 |      113 |
| 0441      |      1 |             2 |       1836.500 |    114 |      114 |
| 0442      |      1 |             2 |        210.000 |     72 |       72 |
| 0443      |      1 |             2 |          3.750 |      2 |        2 |
| 0451      |      1 |             2 |       3262.000 |    115 |      114 |
| 0452      |      1 |             2 |        210.750 |    154 |      121 |
| 0453      |      1 |             2 |          3.600 |      2 |        2 |
| 0454      |      1 |             2 |         98.045 |     53 |       51 |
| 0511      |      1 |             2 |       4338.435 |    190 |      122 |
| 0512      |      1 |             2 |       1110.950 |     59 |       48 |
| 0513      |      1 |             2 |         25.000 |      1 |        1 |
| 0520      |      1 |             2 |       2960.825 |    277 |      169 |
| 0531      |      1 |             2 |       2834.405 |     70 |       63 |
| 0532      |      1 |             2 |       1017.540 |    118 |      101 |
| 0533      |      1 |             2 |        938.800 |     58 |       56 |
| 0540      |      1 |             2 |       4657.935 |    703 |      293 |
| 0551      |      1 |             2 |         33.500 |      4 |        4 |
| 0552      |      1 |             2 |       5264.475 |    409 |      141 |
| 0561      |      1 |             2 |       3789.325 |   2327 |     1279 |
| 0562      |      1 |             2 |      10000.000 |    161 |      141 |
| 0611      |      1 |             2 |       1423.495 |    143 |      116 |
| 0612      |      1 |             2 |         16.700 |      8 |        6 |
| 0613      |      1 |             2 |        401.250 |     23 |       23 |
| 0621      |      1 |             2 |        522.100 |     26 |       26 |
| 0622      |      1 |             2 |        265.000 |      9 |        9 |
| 0623      |      1 |             2 |         90.000 |      5 |        5 |
| 0630      |      1 |             2 |       1425.000 |      5 |        5 |
| 0713      |      1 |             2 |         20.000 |      1 |        1 |
| 0721      |      1 |             2 |       2240.180 |     59 |       39 |
| 0722      |      1 |             2 |      13111.375 |   3374 |      828 |
| 0723      |      1 |             2 |       4201.910 |    365 |      311 |
| 0724      |      1 |             2 |        157.350 |     28 |       27 |
| 0732      |      1 |             2 |         86.500 |     19 |       19 |
| 0733      |      1 |             2 |       1553.000 |     12 |       12 |
| 0734      |      1 |             2 |        160.000 |      2 |        2 |
| 0736      |      1 |             2 |         22.000 |      2 |        2 |
| 0820      |      1 |             2 |       2433.200 |     92 |       91 |
| 0830      |      1 |             2 |       4260.250 |    494 |      466 |
| 0911      |      1 |             2 |       2013.750 |     31 |       30 |
| 0912      |      1 |             2 |         35.000 |      1 |        1 |
| 0913      |      1 |             2 |        445.000 |     19 |       19 |
| 0914      |      1 |             2 |        145.350 |     40 |       15 |
| 0915      |      1 |             2 |        121.500 |     11 |       10 |
| 0931      |      1 |             2 |        567.240 |     53 |       44 |
| 0932      |      1 |             2 |        442.050 |     31 |       20 |
| 0933      |      1 |             2 |       1288.750 |     31 |       14 |
| 0934      |      1 |             2 |         26.500 |      7 |        7 |
| 0941      |      1 |             2 |        930.850 |     61 |       42 |
| 0942      |      1 |             2 |        122.750 |     27 |       21 |
| 0951      |      1 |             2 |         34.750 |      7 |        4 |
| 0952      |      1 |             2 |        174.800 |    128 |      104 |
| 0953      |      1 |             2 |        156.000 |      3 |        2 |
| 0954      |      1 |             2 |        964.875 |    223 |      154 |
| 0960      |      1 |             2 |        710.000 |      3 |        3 |
| 1010      |      1 |             2 |        785.000 |     10 |        9 |
| 1020      |      1 |             2 |        607.000 |     16 |       16 |
| 1030      |      1 |             2 |         20.000 |      2 |        2 |
| 1050      |      1 |             2 |        564.000 |      8 |        8 |
| 1111      |      1 |             2 |       6184.730 |    733 |      615 |
| 1112      |      1 |             2 |       1462.250 |    186 |      178 |
| 1120      |      1 |             2 |        375.000 |      3 |        3 |
| 1211      |      1 |             2 |       2010.000 |    288 |      271 |
| 1212      |      1 |             2 |        120.780 |     10 |       10 |
| 1213      |      1 |             2 |       8287.900 |   3694 |     1261 |
| 1231      |      1 |             2 |       1272.400 |    101 |       83 |
| 1232      |      1 |             2 |       1158.550 |     94 |       80 |
| 1254      |      1 |             2 |         65.000 |      3 |        3 |
| 1262      |      1 |             2 |         17.500 |      2 |        2 |
| 1270      |      1 |             2 |      11523.100 |    127 |      112 |
| 1310      |      1 |             2 |        760.500 |     26 |       26 |
| 1320      |      1 |             2 |       5011.830 |    110 |      104 |
| 0111      |      1 |             3 |      16238.494 |   8498 |     3376 |
| 0112      |      1 |             3 |      21918.025 |   2409 |     1483 |
| 0113      |      1 |             3 |      13407.640 |   1232 |      569 |
| 0114      |      1 |             3 |       8984.374 |   5752 |     2764 |
| 0115      |      1 |             3 |       2335.480 |    749 |      494 |
| 0116      |      1 |             3 |       6079.220 |   3098 |     2330 |
| 0117      |      1 |             3 |       6993.885 |   6737 |     4486 |
| 0118      |      1 |             3 |       5469.817 |   3036 |      812 |
| 0119      |      1 |             3 |       4354.438 |   3576 |     1799 |
| 0121      |      1 |             3 |       2457.990 |   1081 |      667 |
| 0122      |      1 |             3 |       6063.085 |   2785 |     1143 |
| 0220      |      1 |             3 |        226.040 |    175 |      158 |
| 0311      |      1 |             3 |       4258.500 |    168 |      100 |
| 0312      |      1 |             3 |      87218.695 |   4630 |     2755 |
| 0313      |      1 |             3 |       2954.295 |    398 |      302 |
| 0314      |      1 |             3 |      12547.410 |   1680 |      955 |
| 0321      |      1 |             3 |      12822.900 |    917 |      735 |
| 0322      |      1 |             3 |        111.350 |     24 |       15 |
| 0411      |      1 |             3 |      43460.000 |    138 |      138 |
| 0421      |      1 |             3 |     321510.000 |    305 |      305 |
| 0431      |      1 |             3 |       6606.240 |    161 |      139 |
| 0432      |      1 |             3 |      21243.850 |    393 |      357 |
| 0441      |      1 |             3 |       6375.500 |    428 |      428 |
| 0442      |      1 |             3 |        622.000 |    225 |      225 |
| 0443      |      1 |             3 |         99.350 |     14 |       14 |
| 0451      |      1 |             3 |      13002.150 |    438 |      429 |
| 0452      |      1 |             3 |        824.000 |    556 |      447 |
| 0454      |      1 |             3 |        888.965 |    732 |      217 |
| 0511      |      1 |             3 |      27088.745 |    711 |      484 |
| 0512      |      1 |             3 |      10705.900 |    234 |      194 |
| 0513      |      1 |             3 |        455.000 |     10 |       10 |
| 0520      |      1 |             3 |      14743.090 |   1268 |      710 |
| 0531      |      1 |             3 |      17434.035 |    271 |      254 |
| 0532      |      1 |             3 |       3492.080 |    331 |      292 |
| 0533      |      1 |             3 |       3629.650 |    195 |      190 |
| 0540      |      1 |             3 |      21966.660 |   2605 |     1049 |
| 0551      |      1 |             3 |        306.695 |     19 |       19 |
| 0552      |      1 |             3 |       8082.050 |    862 |      401 |
| 0561      |      1 |             3 |      20169.810 |   9576 |     4768 |
| 0562      |      1 |             3 |      46998.450 |    691 |      616 |
| 0611      |      1 |             3 |       4224.225 |    385 |      347 |
| 0612      |      1 |             3 |        408.065 |     66 |       59 |
| 0613      |      1 |             3 |       2482.240 |     72 |       65 |
| 0621      |      1 |             3 |       3101.250 |    124 |      113 |
| 0622      |      1 |             3 |       3578.170 |     51 |       51 |
| 0623      |      1 |             3 |        554.750 |     22 |       22 |
| 0630      |      1 |             3 |      21250.475 |     21 |       14 |
| 0713      |      1 |             3 |        263.000 |     10 |        9 |
| 0721      |      1 |             3 |       7503.150 |    250 |      214 |
| 0722      |      1 |             3 |      38788.900 |  10193 |     2974 |
| 0723      |      1 |             3 |      19420.150 |   1293 |     1150 |
| 0724      |      1 |             3 |       1204.200 |    152 |      135 |
| 0732      |      1 |             3 |        938.300 |     44 |       40 |
| 0733      |      1 |             3 |      15448.000 |     40 |       32 |
| 0736      |      1 |             3 |         60.000 |      2 |        2 |
| 0820      |      1 |             3 |      11958.380 |    359 |      349 |
| 0830      |      1 |             3 |      23225.550 |   2160 |     1951 |
| 0911      |      1 |             3 |      10101.700 |    100 |       95 |
| 0912      |      1 |             3 |        620.500 |      8 |        8 |
| 0913      |      1 |             3 |       2894.515 |     58 |       57 |
| 0914      |      1 |             3 |        248.980 |     63 |       45 |
| 0915      |      1 |             3 |        661.100 |     47 |       43 |
| 0922      |      1 |             3 |        537.800 |     10 |       10 |
| 0923      |      1 |             3 |         13.500 |      3 |        3 |
| 0931      |      1 |             3 |       2514.295 |    223 |      183 |
| 0932      |      1 |             3 |       2416.700 |     86 |       79 |
| 0933      |      1 |             3 |       1170.000 |    110 |       75 |
| 0934      |      1 |             3 |        438.580 |     50 |       45 |
| 0935      |      1 |             3 |          4.000 |      1 |        1 |
| 0941      |      1 |             3 |       6582.200 |    319 |      229 |
| 0942      |      1 |             3 |        608.200 |     67 |       53 |
| 0951      |      1 |             3 |        521.790 |     23 |       19 |
| 0952      |      1 |             3 |        830.950 |    216 |      191 |
| 0953      |      1 |             3 |        785.900 |     65 |       27 |
| 0954      |      1 |             3 |       8947.000 |   1196 |      544 |
| 0960      |      1 |             3 |       2570.000 |     16 |       14 |
| 1010      |      1 |             3 |       2556.000 |     29 |       29 |
| 1020      |      1 |             3 |      10102.500 |    125 |       95 |
| 1040      |      1 |             3 |       1195.000 |     10 |        6 |
| 1050      |      1 |             3 |       3916.500 |    113 |      104 |
| 1111      |      1 |             3 |      22206.050 |   2593 |     2169 |
| 1112      |      1 |             3 |       5721.450 |    742 |      602 |
| 1120      |      1 |             3 |       4733.000 |     37 |       22 |
| 1211      |      1 |             3 |      12053.700 |   1152 |     1073 |
| 1212      |      1 |             3 |        661.250 |     63 |       51 |
| 1213      |      1 |             3 |      40314.700 |  10900 |     5407 |
| 1231      |      1 |             3 |       8367.690 |    476 |      344 |
| 1232      |      1 |             3 |       8617.580 |    421 |      371 |
| 1240      |      1 |             3 |         16.000 |      2 |        1 |
| 1254      |      1 |             3 |        256.000 |     12 |       12 |
| 1255      |      1 |             3 |         95.250 |      1 |        1 |
| 1262      |      1 |             3 |        295.500 |     17 |       17 |
| 1270      |      1 |             3 |      79292.100 |    646 |      511 |
| 1310      |      1 |             3 |       2355.250 |     95 |       87 |
| 1320      |      1 |             3 |      38712.720 |    597 |      586 |
| 0111      |      1 |             4 |      50697.826 |  30130 |    10716 |
| 0112      |      1 |             4 |      85944.246 |  10619 |     4785 |
| 0113      |      1 |             4 |      37011.770 |   4386 |     1680 |
| 0114      |      1 |             4 |      33736.823 |  24001 |     8885 |
| 0115      |      1 |             4 |      10745.060 |   3787 |     1467 |
| 0116      |      1 |             4 |      19997.790 |   9971 |     6611 |
| 0117      |      1 |             4 |      22109.639 |  21188 |    13182 |
| 0118      |      1 |             4 |      13815.215 |   6724 |     2596 |
| 0119      |      1 |             4 |      14264.084 |  13387 |     5330 |
| 0121      |      1 |             4 |      10250.415 |   5554 |     2009 |
| 0122      |      1 |             4 |      23841.084 |  13606 |     3576 |
| 0220      |      1 |             4 |       1683.340 |    931 |      697 |
| 0311      |      1 |             4 |      31874.300 |   1211 |      442 |
| 0312      |      1 |             4 |     272080.270 |  14286 |     8414 |
| 0313      |      1 |             4 |       7914.096 |   1030 |      757 |
| 0314      |      1 |             4 |      39974.700 |   5386 |     3058 |
| 0321      |      1 |             4 |      39432.920 |   2893 |     2311 |
| 0322      |      1 |             4 |        368.950 |     96 |       60 |
| 0411      |      1 |             4 |     111390.000 |    302 |      300 |
| 0421      |      1 |             4 |     929880.000 |    985 |      985 |
| 0431      |      1 |             4 |     102023.535 |    451 |      375 |
| 0432      |      1 |             4 |     157364.600 |   1169 |      883 |
| 0441      |      1 |             4 |      18249.250 |   1280 |     1281 |
| 0442      |      1 |             4 |       1431.750 |    618 |      618 |
| 0443      |      1 |             4 |        395.200 |     36 |       31 |
| 0451      |      1 |             4 |      36366.900 |   1278 |     1280 |
| 0452      |      1 |             4 |       2768.375 |   1750 |     1311 |
| 0453      |      1 |             4 |        627.525 |    461 |       62 |
| 0454      |      1 |             4 |       1848.560 |    654 |      600 |
| 0511      |      1 |             4 |      84212.460 |   1845 |     1318 |
| 0512      |      1 |             4 |      15509.210 |    504 |      422 |
| 0513      |      1 |             4 |        339.000 |      8 |        8 |
| 0520      |      1 |             4 |      42006.395 |   3065 |     1880 |
| 0531      |      1 |             4 |      36821.090 |    644 |      616 |
| 0532      |      1 |             4 |       9768.925 |    860 |      787 |
| 0533      |      1 |             4 |      10516.150 |    443 |      423 |
| 0540      |      1 |             4 |      48573.386 |   5819 |     2715 |
| 0551      |      1 |             4 |        704.590 |     46 |       35 |
| 0552      |      1 |             4 |      20620.205 |   2499 |     1096 |
| 0561      |      1 |             4 |      62367.273 |  34448 |    13994 |
| 0562      |      1 |             4 |     131177.600 |   1789 |     1632 |
| 0611      |      1 |             4 |      11365.980 |    977 |      831 |
| 0612      |      1 |             4 |        666.275 |    163 |      143 |
| 0613      |      1 |             4 |       5011.395 |    154 |      148 |
| 0621      |      1 |             4 |       6947.450 |    271 |      270 |
| 0622      |      1 |             4 |       7750.500 |     83 |       80 |
| 0623      |      1 |             4 |       6160.150 |     82 |       70 |
| 0624      |      1 |             4 |        101.000 |      3 |        3 |
| 0630      |      1 |             4 |      14972.585 |     41 |       36 |
| 0711      |      1 |             4 |      25709.000 |      6 |        6 |
| 0712      |      1 |             4 |         22.000 |      1 |        1 |
| 0713      |      1 |             4 |        629.400 |     22 |       18 |
| 0714      |      1 |             4 |          2.000 |      1 |        1 |
| 0721      |      1 |             4 |      30638.200 |    720 |      561 |
| 0722      |      1 |             4 |     170588.131 |  43392 |     9339 |
| 0723      |      1 |             4 |      52902.164 |   3860 |     3525 |
| 0724      |      1 |             4 |       3942.450 |    210 |      198 |
| 0732      |      1 |             4 |       2426.550 |    184 |      159 |
| 0733      |      1 |             4 |      58623.900 |    152 |      110 |
| 0734      |      1 |             4 |         30.000 |      1 |        1 |
| 0736      |      1 |             4 |        351.350 |     22 |       22 |
| 0810      |      1 |             4 |         55.990 |      8 |        8 |
| 0820      |      1 |             4 |      30681.390 |    901 |      876 |
| 0830      |      1 |             4 |      71256.890 |   6430 |     5841 |
| 0911      |      1 |             4 |      17979.139 |    249 |      245 |
| 0912      |      1 |             4 |       1820.000 |     26 |       26 |
| 0913      |      1 |             4 |      14037.650 |    260 |      247 |
| 0914      |      1 |             4 |       2327.820 |    232 |      130 |
| 0915      |      1 |             4 |       1481.750 |     94 |       70 |
| 0922      |      1 |             4 |        656.575 |     13 |       13 |
| 0923      |      1 |             4 |        312.700 |     27 |       18 |
| 0931      |      1 |             4 |      10741.535 |    880 |      702 |
| 0932      |      1 |             4 |      13129.270 |    276 |      214 |
| 0933      |      1 |             4 |       6143.000 |    280 |      225 |
| 0934      |      1 |             4 |       1029.445 |    185 |      125 |
| 0935      |      1 |             4 |         70.310 |      9 |        8 |
| 0941      |      1 |             4 |      22433.725 |    958 |      779 |
| 0942      |      1 |             4 |       2514.250 |    163 |      140 |
| 0951      |      1 |             4 |       1106.450 |     88 |       59 |
| 0952      |      1 |             4 |       2549.200 |   1229 |      980 |
| 0953      |      1 |             4 |        943.550 |    190 |       75 |
| 0954      |      1 |             4 |      15418.975 |   2812 |     1624 |
| 0960      |      1 |             4 |      15676.000 |     61 |       50 |
| 1010      |      1 |             4 |      12133.000 |    162 |      147 |
| 1020      |      1 |             4 |      25337.000 |    392 |      352 |
| 1030      |      1 |             4 |       1286.000 |     22 |       21 |
| 1040      |      1 |             4 |       5440.000 |     24 |       23 |
| 1050      |      1 |             4 |      10625.500 |    228 |      217 |
| 1111      |      1 |             4 |      62684.480 |   7733 |     6213 |
| 1112      |      1 |             4 |      15567.170 |   2541 |     2224 |
| 1120      |      1 |             4 |      39538.000 |    111 |       92 |
| 1211      |      1 |             4 |      33194.000 |   3421 |     3211 |
| 1212      |      1 |             4 |       5662.980 |    183 |      152 |
| 1213      |      1 |             4 |     112108.839 |  35629 |    15520 |
| 1231      |      1 |             4 |      27463.455 |   1246 |      978 |
| 1232      |      1 |             4 |      23435.515 |   1194 |     1074 |
| 1240      |      1 |             4 |         25.000 |      1 |        1 |
| 1253      |      1 |             4 |         70.000 |      2 |        2 |
| 1254      |      1 |             4 |       2954.000 |     39 |       39 |
| 1262      |      1 |             4 |       2039.750 |     54 |       53 |
| 1270      |      1 |             4 |     282756.120 |   3317 |     1755 |
| 1310      |      1 |             4 |       5826.850 |    231 |      207 |
| 1320      |      1 |             4 |     228347.640 |   2425 |     2365 |
| 0111      |      1 |             5 |      72051.855 |  41100 |    14204 |
| 0112      |      1 |             5 |     128061.609 |  12784 |     6744 |
| 0113      |      1 |             5 |      72304.490 |   5285 |     2536 |
| 0114      |      1 |             5 |      47357.641 |  29355 |    12225 |
| 0115      |      1 |             5 |      14817.015 |   3517 |     2317 |
| 0116      |      1 |             5 |      33143.810 |  14232 |     9383 |
| 0117      |      1 |             5 |      36467.591 |  29013 |    19380 |
| 0118      |      1 |             5 |      21711.930 |   8939 |     3768 |
| 0119      |      1 |             5 |      25263.938 |  17085 |     7797 |
| 0121      |      1 |             5 |      20050.325 |   9739 |     2991 |
| 0122      |      1 |             5 |      35264.513 |  14970 |     5001 |
| 0220      |      1 |             5 |       2860.510 |   1344 |     1040 |
| 0311      |      1 |             5 |      44325.030 |   1331 |      601 |
| 0312      |      1 |             5 |     442830.438 |  20388 |    12512 |
| 0313      |      1 |             5 |      13429.940 |   1352 |     1001 |
| 0314      |      1 |             5 |      65751.125 |   7726 |     4484 |
| 0321      |      1 |             5 |      66371.300 |   3983 |     3328 |
| 0322      |      1 |             5 |        251.780 |     95 |       70 |
| 0411      |      1 |             5 |      76945.000 |    150 |      148 |
| 0421      |      1 |             5 |    2172490.000 |   1641 |     1641 |
| 0431      |      1 |             5 |      52247.760 |    781 |      612 |
| 0432      |      1 |             5 |      84636.950 |   1348 |     1261 |
| 0441      |      1 |             5 |      31292.500 |   1792 |     1772 |
| 0442      |      1 |             5 |       2026.500 |    998 |      989 |
| 0443      |      1 |             5 |        530.500 |     45 |       42 |
| 0451      |      1 |             5 |      66254.700 |   1769 |     1760 |
| 0452      |      1 |             5 |       4654.460 |   2557 |     1805 |
| 0453      |      1 |             5 |        787.905 |    431 |       87 |
| 0454      |      1 |             5 |       3126.575 |   1105 |      968 |
| 0511      |      1 |             5 |     142135.510 |   2808 |     1950 |
| 0512      |      1 |             5 |      33302.130 |    771 |      585 |
| 0513      |      1 |             5 |        805.500 |      9 |        9 |
| 0520      |      1 |             5 |      81847.620 |   4775 |     3009 |
| 0531      |      1 |             5 |      55419.535 |    996 |      910 |
| 0532      |      1 |             5 |      17015.770 |   1373 |     1148 |
| 0533      |      1 |             5 |      12030.150 |    594 |      522 |
| 0540      |      1 |             5 |      92041.670 |   9467 |     4424 |
| 0551      |      1 |             5 |       1316.850 |     82 |       75 |
| 0552      |      1 |             5 |      21711.345 |   3555 |     1737 |
| 0561      |      1 |             5 |      99448.479 |  40216 |    21340 |
| 0562      |      1 |             5 |     314890.340 |   3440 |     3008 |
| 0611      |      1 |             5 |      17051.995 |   1465 |     1194 |
| 0612      |      1 |             5 |        957.535 |    240 |      198 |
| 0613      |      1 |             5 |       8889.760 |    246 |      228 |
| 0621      |      1 |             5 |       9537.500 |    370 |      367 |
| 0622      |      1 |             5 |       8982.650 |    121 |      120 |
| 0623      |      1 |             5 |       7799.825 |     74 |       67 |
| 0624      |      1 |             5 |        592.000 |     15 |       10 |
| 0630      |      1 |             5 |      29977.930 |     61 |       54 |
| 0711      |      1 |             5 |      68538.000 |     12 |       12 |
| 0713      |      1 |             5 |        467.000 |     19 |       19 |
| 0714      |      1 |             5 |       1457.250 |      7 |        5 |
| 0721      |      1 |             5 |      54437.205 |   1348 |     1084 |
| 0722      |      1 |             5 |     218867.970 |  52308 |    13994 |
| 0723      |      1 |             5 |      94901.180 |   6609 |     6014 |
| 0724      |      1 |             5 |       5001.150 |    380 |      341 |
| 0732      |      1 |             5 |       3798.350 |    157 |      143 |
| 0733      |      1 |             5 |      91625.880 |    229 |      188 |
| 0734      |      1 |             5 |        137.000 |      4 |        4 |
| 0736      |      1 |             5 |        515.000 |     16 |       16 |
| 0810      |      1 |             5 |        171.000 |      7 |        7 |
| 0820      |      1 |             5 |      53228.040 |   1463 |     1389 |
| 0830      |      1 |             5 |     143264.980 |   8605 |     7976 |
| 0911      |      1 |             5 |      25976.810 |    325 |      325 |
| 0912      |      1 |             5 |       2685.600 |     31 |       31 |
| 0913      |      1 |             5 |      21827.654 |    432 |      419 |
| 0914      |      1 |             5 |       2155.855 |    391 |      218 |
| 0915      |      1 |             5 |       1589.400 |    117 |      112 |
| 0921      |      1 |             5 |        350.000 |      2 |        2 |
| 0922      |      1 |             5 |       2472.250 |     26 |       25 |
| 0923      |      1 |             5 |        314.250 |     31 |       27 |
| 0931      |      1 |             5 |      19824.590 |   1176 |      946 |
| 0932      |      1 |             5 |      13800.480 |    540 |      439 |
| 0933      |      1 |             5 |       6556.750 |    486 |      393 |
| 0934      |      1 |             5 |       2663.450 |    249 |      200 |
| 0935      |      1 |             5 |         50.500 |      7 |        7 |
| 0941      |      1 |             5 |      39979.550 |   1542 |     1150 |
| 0942      |      1 |             5 |       3534.150 |    279 |      205 |
| 0951      |      1 |             5 |       3607.460 |    223 |      139 |
| 0952      |      1 |             5 |       4465.190 |   1871 |     1514 |
| 0953      |      1 |             5 |       1274.400 |    139 |       90 |
| 0954      |      1 |             5 |      26798.910 |   4614 |     2779 |
| 0960      |      1 |             5 |      33208.050 |     91 |       80 |
| 1010      |      1 |             5 |      12717.000 |    144 |      131 |
| 1020      |      1 |             5 |      56574.400 |    785 |      685 |
| 1030      |      1 |             5 |        850.000 |     12 |       12 |
| 1040      |      1 |             5 |      10369.500 |     32 |       30 |
| 1050      |      1 |             5 |      32777.250 |    434 |      407 |
| 1111      |      1 |             5 |     133178.530 |  12300 |     9936 |
| 1112      |      1 |             5 |      31974.580 |   4233 |     3214 |
| 1120      |      1 |             5 |      42866.010 |    209 |      170 |
| 1211      |      1 |             5 |      59257.570 |   5497 |     5079 |
| 1212      |      1 |             5 |       2646.815 |    278 |      207 |
| 1213      |      1 |             5 |     180290.119 |  50019 |    23742 |
| 1231      |      1 |             5 |      51437.290 |   1596 |     1278 |
| 1232      |      1 |             5 |      40404.250 |   1763 |     1585 |
| 1240      |      1 |             5 |         75.000 |      1 |        1 |
| 1251      |      1 |             5 |        509.250 |      3 |        3 |
| 1253      |      1 |             5 |         60.000 |      3 |        3 |
| 1254      |      1 |             5 |       4692.153 |    127 |       88 |
| 1255      |      1 |             5 |        180.000 |      2 |        2 |
| 1262      |      1 |             5 |       3026.700 |     77 |       62 |
| 1270      |      1 |             5 |     464705.770 |   3625 |     2325 |
| 1310      |      1 |             5 |      13859.250 |    440 |      357 |
| 1320      |      1 |             5 |     592873.766 |   3685 |     3464 |
| 0111      |      2 |             1 |      18880.908 |  22291 |    10756 |
| 0112      |      2 |             1 |      19470.285 |   7519 |     4768 |
| 0113      |      2 |             1 |       7350.343 |   2750 |     1915 |
| 0114      |      2 |             1 |      10356.585 |  12941 |     6884 |
| 0115      |      2 |             1 |       2938.510 |   1937 |     1636 |
| 0116      |      2 |             1 |       7513.886 |   7752 |     4734 |
| 0117      |      2 |             1 |      11221.873 |  17891 |    14067 |
| 0118      |      2 |             1 |       4098.160 |   3353 |     2043 |
| 0119      |      2 |             1 |       5164.856 |   9340 |     4160 |
| 0121      |      2 |             1 |       3171.185 |   2761 |     1232 |
| 0122      |      2 |             1 |       4573.006 |   4844 |     2782 |
| 0220      |      2 |             1 |       1664.406 |   1278 |     1101 |
| 0311      |      2 |             1 |       3253.400 |    324 |      126 |
| 0312      |      2 |             1 |      60627.367 |  11054 |     7740 |
| 0313      |      2 |             1 |       2310.965 |   1057 |      929 |
| 0314      |      2 |             1 |       3877.485 |   1740 |      986 |
| 0321      |      2 |             1 |      10727.290 |   2257 |     2101 |
| 0322      |      2 |             1 |        203.500 |    182 |      153 |
| 0411      |      2 |             1 |     214082.500 |   1607 |     1603 |
| 0421      |      2 |             1 |       2740.000 |     34 |       34 |
| 0431      |      2 |             1 |       1859.260 |    325 |      284 |
| 0432      |      2 |             1 |       3051.700 |    234 |      222 |
| 0441      |      2 |             1 |       5543.250 |   1658 |     1656 |
| 0442      |      2 |             1 |       3471.500 |    861 |      861 |
| 0443      |      2 |             1 |         15.250 |      7 |        7 |
| 0451      |      2 |             1 |       8663.300 |   1636 |     1636 |
| 0452      |      2 |             1 |       1867.200 |   1672 |     1622 |
| 0453      |      2 |             1 |        192.125 |    158 |       35 |
| 0454      |      2 |             1 |        359.620 |    246 |      216 |
| 0511      |      2 |             1 |       7903.110 |   1050 |      834 |
| 0512      |      2 |             1 |       2022.835 |    264 |      232 |
| 0513      |      2 |             1 |         22.000 |      3 |        3 |
| 0520      |      2 |             1 |       9646.805 |   2247 |     1676 |
| 0531      |      2 |             1 |       6920.910 |    329 |      323 |
| 0532      |      2 |             1 |       3719.735 |    682 |      665 |
| 0533      |      2 |             1 |       2540.650 |    359 |      356 |
| 0540      |      2 |             1 |      10695.690 |   4829 |     2445 |
| 0551      |      2 |             1 |         41.750 |     11 |       10 |
| 0552      |      2 |             1 |       4445.660 |   2990 |     1993 |
| 0561      |      2 |             1 |      21108.209 |  17410 |    11016 |
| 0562      |      2 |             1 |       2495.000 |    184 |      171 |
| 0611      |      2 |             1 |       4640.065 |   1225 |     1106 |
| 0612      |      2 |             1 |        258.230 |    223 |      218 |
| 0613      |      2 |             1 |       1609.300 |    101 |       95 |
| 0621      |      2 |             1 |       1124.500 |    110 |      110 |
| 0622      |      2 |             1 |         93.880 |     11 |       11 |
| 0623      |      2 |             1 |        722.900 |     45 |       44 |
| 0624      |      2 |             1 |       2318.000 |     30 |       24 |
| 0630      |      2 |             1 |         62.470 |      7 |        6 |
| 0711      |      2 |             1 |        500.200 |      1 |        1 |
| 0713      |      2 |             1 |         58.000 |      5 |        5 |
| 0714      |      2 |             1 |         17.900 |      3 |        3 |
| 0721      |      2 |             1 |       3797.200 |    316 |      214 |
| 0722      |      2 |             1 |      34453.595 |  12099 |     5087 |
| 0723      |      2 |             1 |      10255.785 |   1337 |     1265 |
| 0724      |      2 |             1 |        140.250 |     60 |       55 |
| 0732      |      2 |             1 |      10813.910 |   7688 |     7207 |
| 0733      |      2 |             1 |      13307.000 |     59 |       45 |
| 0734      |      2 |             1 |         38.000 |      4 |        4 |
| 0736      |      2 |             1 |        588.000 |     67 |       50 |
| 0810      |      2 |             1 |         72.500 |      5 |        5 |
| 0820      |      2 |             1 |       8374.060 |    688 |      662 |
| 0830      |      2 |             1 |      22167.260 |   8177 |     7557 |
| 0911      |      2 |             1 |       4280.410 |    239 |      238 |
| 0912      |      2 |             1 |        285.135 |     13 |       13 |
| 0913      |      2 |             1 |       2793.110 |    123 |      121 |
| 0914      |      2 |             1 |        345.620 |    168 |      117 |
| 0915      |      2 |             1 |        371.750 |     63 |       63 |
| 0922      |      2 |             1 |         26.500 |      1 |        1 |
| 0923      |      2 |             1 |          3.000 |      2 |        2 |
| 0931      |      2 |             1 |       2214.210 |    561 |      493 |
| 0932      |      2 |             1 |        562.320 |    185 |       89 |
| 0933      |      2 |             1 |        278.880 |     80 |       48 |
| 0934      |      2 |             1 |        105.010 |     31 |       26 |
| 0935      |      2 |             1 |        123.000 |     11 |        5 |
| 0941      |      2 |             1 |       3558.850 |    420 |      325 |
| 0942      |      2 |             1 |        563.950 |    173 |      144 |
| 0951      |      2 |             1 |       1263.150 |    119 |       91 |
| 0952      |      2 |             1 |        372.790 |    512 |      439 |
| 0953      |      2 |             1 |         25.500 |     21 |       17 |
| 0954      |      2 |             1 |       3455.135 |   2396 |     1415 |
| 0960      |      2 |             1 |        239.000 |     20 |       16 |
| 1010      |      2 |             1 |      11901.650 |    152 |      136 |
| 1020      |      2 |             1 |      12739.000 |    202 |      179 |
| 1030      |      2 |             1 |        150.000 |      1 |        1 |
| 1040      |      2 |             1 |        728.000 |      5 |        5 |
| 1050      |      2 |             1 |       1540.400 |     38 |       34 |
| 1111      |      2 |             1 |      14935.278 |   5661 |     4800 |
| 1112      |      2 |             1 |       2217.400 |    902 |      801 |
| 1211      |      2 |             1 |       6097.990 |   2457 |     2390 |
| 1212      |      2 |             1 |        583.805 |    123 |      120 |
| 1213      |      2 |             1 |      29940.008 |  22464 |    14880 |
| 1231      |      2 |             1 |       5595.975 |   1070 |      825 |
| 1232      |      2 |             1 |       5302.900 |   1260 |     1208 |
| 1251      |      2 |             1 |         51.000 |      1 |        1 |
| 1253      |      2 |             1 |         51.000 |      1 |        1 |
| 1254      |      2 |             1 |        322.500 |     16 |       16 |
| 1262      |      2 |             1 |        858.250 |    323 |      319 |
| 1270      |      2 |             1 |      11630.850 |    713 |      320 |
| 1310      |      2 |             1 |       5574.120 |    929 |      868 |
| 1320      |      2 |             1 |      43376.700 |    991 |      900 |
| 0111      |      2 |             2 |      25440.035 |  27506 |    11812 |
| 0112      |      2 |             2 |      31294.364 |   8393 |     5361 |
| 0113      |      2 |             2 |      12836.710 |   3553 |     1959 |
| 0114      |      2 |             2 |      14167.872 |  14246 |     7669 |
| 0115      |      2 |             2 |       4518.688 |   2426 |     1895 |
| 0116      |      2 |             2 |       8873.350 |   6945 |     5450 |
| 0117      |      2 |             2 |      15020.879 |  20056 |    15044 |
| 0118      |      2 |             2 |       5443.105 |   4080 |     2346 |
| 0119      |      2 |             2 |       5428.636 |   7810 |     4801 |
| 0121      |      2 |             2 |       2466.460 |   1725 |     1428 |
| 0122      |      2 |             2 |       8492.183 |   6655 |     2919 |
| 0220      |      2 |             2 |       2252.394 |   1501 |     1256 |
| 0311      |      2 |             2 |       3813.150 |    328 |      160 |
| 0312      |      2 |             2 |      91305.780 |  13360 |     8586 |
| 0313      |      2 |             2 |       3602.860 |   1324 |     1004 |
| 0314      |      2 |             2 |       5258.750 |   1744 |     1119 |
| 0321      |      2 |             2 |      15010.175 |   2540 |     2270 |
| 0322      |      2 |             2 |        194.575 |    137 |      109 |
| 0411      |      2 |             2 |     288084.000 |   1667 |     1667 |
| 0421      |      2 |             2 |       2630.000 |     16 |       16 |
| 0431      |      2 |             2 |       1793.225 |    311 |      275 |
| 0432      |      2 |             2 |       4226.600 |    311 |      306 |
| 0441      |      2 |             2 |       6585.450 |   1724 |     1718 |
| 0442      |      2 |             2 |       5527.250 |   1035 |     1025 |
| 0443      |      2 |             2 |         40.390 |     14 |       14 |
| 0451      |      2 |             2 |      10781.500 |   1696 |     1679 |
| 0452      |      2 |             2 |       1814.370 |   1556 |     1481 |
| 0453      |      2 |             2 |         13.400 |     17 |        8 |
| 0454      |      2 |             2 |        476.030 |    335 |      298 |
| 0511      |      2 |             2 |      18414.225 |   1479 |     1069 |
| 0512      |      2 |             2 |       4753.495 |    380 |      326 |
| 0513      |      2 |             2 |         85.000 |      8 |        8 |
| 0520      |      2 |             2 |      15103.040 |   2687 |     1863 |
| 0531      |      2 |             2 |      11754.145 |    447 |      441 |
| 0532      |      2 |             2 |       6094.090 |    841 |      808 |
| 0533      |      2 |             2 |       4119.300 |    447 |      442 |
| 0540      |      2 |             2 |      17652.705 |   5729 |     2846 |
| 0551      |      2 |             2 |         62.135 |     15 |       15 |
| 0552      |      2 |             2 |       4698.350 |   2859 |     1784 |
| 0561      |      2 |             2 |      23068.823 |  16005 |    12127 |
| 0562      |      2 |             2 |       7765.810 |    447 |      426 |
| 0611      |      2 |             2 |       5728.850 |   1116 |     1027 |
| 0612      |      2 |             2 |        456.020 |    234 |      211 |
| 0613      |      2 |             2 |       2355.150 |    129 |      125 |
| 0621      |      2 |             2 |       1744.500 |    165 |      155 |
| 0622      |      2 |             2 |        667.000 |     24 |       24 |
| 0623      |      2 |             2 |        776.050 |     59 |       56 |
| 0624      |      2 |             2 |       2390.000 |     29 |       26 |
| 0630      |      2 |             2 |        542.500 |     12 |       12 |
| 0711      |      2 |             2 |       4501.350 |      3 |        2 |
| 0712      |      2 |             2 |         18.000 |      1 |        1 |
| 0713      |      2 |             2 |        120.250 |      6 |        6 |
| 0721      |      2 |             2 |       8225.705 |    489 |      374 |
| 0722      |      2 |             2 |      41137.145 |  13737 |     7479 |
| 0723      |      2 |             2 |      20734.020 |   1969 |     1891 |
| 0724      |      2 |             2 |        272.500 |    108 |      106 |
| 0732      |      2 |             2 |      11592.150 |   4887 |     4539 |
| 0733      |      2 |             2 |      19120.200 |     88 |       69 |
| 0734      |      2 |             2 |        420.000 |     30 |        1 |
| 0736      |      2 |             2 |        576.000 |     47 |       35 |
| 0810      |      2 |             2 |         21.750 |      5 |        5 |
| 0820      |      2 |             2 |      15599.610 |    914 |      879 |
| 0830      |      2 |             2 |      35158.280 |   8476 |     7745 |
| 0911      |      2 |             2 |       7735.010 |    308 |      306 |
| 0912      |      2 |             2 |        636.500 |     19 |       19 |
| 0913      |      2 |             2 |       7862.760 |    242 |      238 |
| 0914      |      2 |             2 |        577.320 |    214 |      175 |
| 0915      |      2 |             2 |        804.250 |    120 |      119 |
| 0922      |      2 |             2 |        194.830 |     12 |       12 |
| 0923      |      2 |             2 |        385.500 |     23 |       23 |
| 0931      |      2 |             2 |       4127.100 |    739 |      599 |
| 0932      |      2 |             2 |        986.695 |    174 |      147 |
| 0933      |      2 |             2 |        463.075 |    121 |       95 |
| 0934      |      2 |             2 |        106.110 |     35 |       27 |
| 0935      |      2 |             2 |         16.250 |      2 |        2 |
| 0941      |      2 |             2 |       6654.100 |    656 |      444 |
| 0942      |      2 |             2 |        971.220 |    237 |      172 |
| 0951      |      2 |             2 |       1905.240 |    204 |      139 |
| 0952      |      2 |             2 |        512.800 |    842 |      793 |
| 0953      |      2 |             2 |        199.550 |     52 |       16 |
| 0954      |      2 |             2 |      13141.285 |   3542 |     1878 |
| 0960      |      2 |             2 |       1409.700 |     26 |       26 |
| 1010      |      2 |             2 |      22182.500 |    162 |      150 |
| 1020      |      2 |             2 |      38738.000 |    358 |      325 |
| 1030      |      2 |             2 |        326.000 |     11 |       11 |
| 1040      |      2 |             2 |       5399.000 |     25 |       24 |
| 1050      |      2 |             2 |       5207.450 |    117 |      111 |
| 1111      |      2 |             2 |      21907.178 |   5903 |     5099 |
| 1112      |      2 |             2 |       4261.000 |   1233 |      951 |
| 1120      |      2 |             2 |        725.000 |      7 |        7 |
| 1211      |      2 |             2 |       8234.100 |   2544 |     2424 |
| 1212      |      2 |             2 |        838.495 |    132 |      132 |
| 1213      |      2 |             2 |      40829.309 |  22504 |    15225 |
| 1231      |      2 |             2 |       9085.435 |   1193 |      923 |
| 1232      |      2 |             2 |       8344.015 |   1352 |     1247 |
| 1254      |      2 |             2 |        516.500 |     26 |       26 |
| 1262      |      2 |             2 |       1209.000 |    424 |      422 |
| 1270      |      2 |             2 |      24826.490 |   1064 |      520 |
| 1310      |      2 |             2 |      10424.450 |    913 |      858 |
| 1320      |      2 |             2 |      77041.728 |   1465 |     1297 |
| 0111      |      2 |             3 |      21196.270 |  20763 |     9254 |
| 0112      |      2 |             3 |      31234.726 |   6832 |     4207 |
| 0113      |      2 |             3 |       9845.390 |   2354 |     1377 |
| 0114      |      2 |             3 |      13276.174 |  11776 |     6451 |
| 0115      |      2 |             3 |       4850.522 |   1900 |     1451 |
| 0116      |      2 |             3 |       7896.781 |   5825 |     4552 |
| 0117      |      2 |             3 |      12555.077 |  15415 |    11026 |
| 0118      |      2 |             3 |       6291.930 |   4295 |     2287 |
| 0119      |      2 |             3 |       4619.960 |   5857 |     3770 |
| 0121      |      2 |             3 |       2677.765 |   1488 |     1243 |
| 0122      |      2 |             3 |       6972.585 |   6195 |     2552 |
| 0220      |      2 |             3 |       2080.993 |   1294 |      999 |
| 0311      |      2 |             3 |       5738.100 |    358 |      135 |
| 0312      |      2 |             3 |     109139.345 |  11090 |     7242 |
| 0313      |      2 |             3 |       4034.008 |   1009 |      700 |
| 0314      |      2 |             3 |       7906.000 |   2394 |     1228 |
| 0321      |      2 |             3 |      17062.690 |   2140 |     1889 |
| 0322      |      2 |             3 |        145.060 |     92 |       82 |
| 0411      |      2 |             3 |     296310.000 |   1337 |     1335 |
| 0421      |      2 |             3 |       3785.000 |     10 |       10 |
| 0431      |      2 |             3 |       2863.905 |    312 |      245 |
| 0432      |      2 |             3 |       5165.320 |    338 |      321 |
| 0441      |      2 |             3 |       6308.250 |   1342 |     1342 |
| 0442      |      2 |             3 |       5807.000 |    918 |      915 |
| 0443      |      2 |             3 |         36.655 |      8 |        8 |
| 0451      |      2 |             3 |      10924.000 |   1344 |     1344 |
| 0452      |      2 |             3 |       1299.675 |   1076 |      982 |
| 0453      |      2 |             3 |        398.900 |    297 |       20 |
| 0454      |      2 |             3 |        460.795 |    256 |      226 |
| 0511      |      2 |             3 |      25902.695 |   1359 |     1066 |
| 0512      |      2 |             3 |       5099.165 |    328 |      294 |
| 0513      |      2 |             3 |          6.000 |      1 |        1 |
| 0520      |      2 |             3 |      16816.885 |   2444 |     1601 |
| 0531      |      2 |             3 |      15273.200 |    472 |      458 |
| 0532      |      2 |             3 |       5963.650 |    917 |      650 |
| 0533      |      2 |             3 |       4240.450 |    310 |      278 |
| 0540      |      2 |             3 |      18537.498 |   4293 |     2290 |
| 0551      |      2 |             3 |         81.550 |     11 |       11 |
| 0552      |      2 |             3 |       4548.285 |   2191 |     1246 |
| 0561      |      2 |             3 |      24790.238 |  14807 |     9807 |
| 0562      |      2 |             3 |      17021.190 |    821 |      795 |
| 0611      |      2 |             3 |       7456.875 |    986 |      839 |
| 0612      |      2 |             3 |        386.620 |    155 |      144 |
| 0613      |      2 |             3 |       3119.240 |    158 |      148 |
| 0621      |      2 |             3 |       2292.500 |    141 |      139 |
| 0622      |      2 |             3 |       1442.500 |     54 |       49 |
| 0623      |      2 |             3 |       1626.150 |     66 |       57 |
| 0624      |      2 |             3 |       3077.670 |     29 |       25 |
| 0630      |      2 |             3 |       1516.800 |     12 |       11 |
| 0711      |      2 |             3 |       1451.500 |      3 |        3 |
| 0713      |      2 |             3 |        280.500 |      8 |        7 |
| 0714      |      2 |             3 |          2.000 |      1 |        1 |
| 0721      |      2 |             3 |      12312.890 |    502 |      396 |
| 0722      |      2 |             3 |      47043.710 |  15266 |     7778 |
| 0723      |      2 |             3 |      24256.905 |   2300 |     2139 |
| 0724      |      2 |             3 |       1835.500 |    153 |      139 |
| 0732      |      2 |             3 |       7661.600 |   1598 |     1287 |
| 0733      |      2 |             3 |      50031.840 |    151 |      114 |
| 0734      |      2 |             3 |         11.000 |      1 |        1 |
| 0736      |      2 |             3 |        546.000 |     35 |       21 |
| 0810      |      2 |             3 |         66.000 |      4 |        4 |
| 0820      |      2 |             3 |      19682.340 |    854 |      835 |
| 0830      |      2 |             3 |      37783.975 |   6730 |     5888 |
| 0911      |      2 |             3 |       8108.270 |    249 |      246 |
| 0912      |      2 |             3 |        500.380 |     17 |       17 |
| 0913      |      2 |             3 |       9975.980 |    262 |      258 |
| 0914      |      2 |             3 |        687.620 |    204 |      149 |
| 0915      |      2 |             3 |        624.750 |     81 |       79 |
| 0922      |      2 |             3 |        640.245 |     19 |       19 |
| 0923      |      2 |             3 |        100.750 |     31 |       25 |
| 0931      |      2 |             3 |       5961.855 |    730 |      611 |
| 0932      |      2 |             3 |       1174.125 |    181 |      145 |
| 0933      |      2 |             3 |        988.795 |    155 |      129 |
| 0934      |      2 |             3 |        389.330 |     86 |       58 |
| 0935      |      2 |             3 |         47.500 |      5 |        4 |
| 0941      |      2 |             3 |       9741.800 |    730 |      523 |
| 0942      |      2 |             3 |        844.350 |    181 |      142 |
| 0951      |      2 |             3 |       2218.390 |    217 |      139 |
| 0952      |      2 |             3 |        893.695 |   1016 |      842 |
| 0953      |      2 |             3 |         67.800 |     19 |       10 |
| 0954      |      2 |             3 |       8321.055 |   3141 |     1700 |
| 0960      |      2 |             3 |       2292.000 |     44 |       40 |
| 1010      |      2 |             3 |      38394.000 |    179 |      157 |
| 1020      |      2 |             3 |      34620.500 |    245 |      219 |
| 1030      |      2 |             3 |        410.000 |      7 |        7 |
| 1040      |      2 |             3 |       7306.000 |     17 |       15 |
| 1050      |      2 |             3 |       8438.000 |    159 |      134 |
| 1111      |      2 |             3 |      34179.875 |   5248 |     4271 |
| 1112      |      2 |             3 |       3762.385 |   1042 |      831 |
| 1120      |      2 |             3 |      11166.650 |     27 |       18 |
| 1211      |      2 |             3 |      10943.180 |   2252 |     2130 |
| 1212      |      2 |             3 |       1058.015 |    138 |      118 |
| 1213      |      2 |             3 |      47367.634 |  21691 |    12252 |
| 1231      |      2 |             3 |      13802.788 |   1092 |      858 |
| 1232      |      2 |             3 |      11142.220 |   1284 |     1164 |
| 1251      |      2 |             3 |         40.000 |      2 |        1 |
| 1253      |      2 |             3 |        976.000 |      4 |        1 |
| 1254      |      2 |             3 |       1574.750 |     50 |       50 |
| 1255      |      2 |             3 |        110.000 |      3 |        3 |
| 1262      |      2 |             3 |       1023.900 |    272 |      271 |
| 1270      |      2 |             3 |      58111.230 |   1179 |      641 |
| 1310      |      2 |             3 |       8422.200 |    646 |      610 |
| 1320      |      2 |             3 |      94132.010 |   1616 |     1241 |
| 0111      |      2 |             4 |      16062.783 |  10122 |     4421 |
| 0112      |      2 |             4 |      18014.730 |   2970 |     1914 |
| 0113      |      2 |             4 |       6724.085 |   1115 |      635 |
| 0114      |      2 |             4 |       7300.910 |   5884 |     3192 |
| 0115      |      2 |             4 |       2158.994 |    863 |      643 |
| 0116      |      2 |             4 |       4898.345 |   2684 |     2127 |
| 0117      |      2 |             4 |       6144.266 |   6200 |     4364 |
| 0118      |      2 |             4 |       3271.115 |   1712 |      930 |
| 0119      |      2 |             4 |       2576.780 |   2579 |     1841 |
| 0121      |      2 |             4 |       1995.455 |    894 |      629 |
| 0122      |      2 |             4 |       4512.275 |   2851 |     1213 |
| 0220      |      2 |             4 |        962.600 |    570 |      437 |
| 0311      |      2 |             4 |       2726.800 |    205 |      132 |
| 0312      |      2 |             4 |      63971.080 |   4752 |     3061 |
| 0313      |      2 |             4 |       2073.425 |    409 |      317 |
| 0314      |      2 |             4 |       9601.400 |   2263 |     1119 |
| 0321      |      2 |             4 |      11233.980 |    953 |      819 |
| 0322      |      2 |             4 |        127.850 |     62 |       40 |
| 0411      |      2 |             4 |     150890.000 |    485 |      486 |
| 0421      |      2 |             4 |      21315.000 |     48 |       48 |
| 0431      |      2 |             4 |       2626.215 |    202 |      159 |
| 0432      |      2 |             4 |       6905.750 |    211 |      204 |
| 0441      |      2 |             4 |       4123.750 |    532 |      533 |
| 0442      |      2 |             4 |       2011.500 |    340 |      340 |
| 0443      |      2 |             4 |         29.160 |      7 |        7 |
| 0451      |      2 |             4 |       6614.600 |    534 |      534 |
| 0452      |      2 |             4 |        739.150 |    592 |      470 |
| 0453      |      2 |             4 |       1362.950 |    894 |       50 |
| 0454      |      2 |             4 |        389.860 |    170 |      160 |
| 0511      |      2 |             4 |      15768.785 |    697 |      546 |
| 0512      |      2 |             4 |       4608.350 |    171 |      149 |
| 0513      |      2 |             4 |         18.750 |      2 |        2 |
| 0520      |      2 |             4 |      12113.170 |   1168 |      756 |
| 0531      |      2 |             4 |       8337.530 |    273 |      253 |
| 0532      |      2 |             4 |       3337.925 |    306 |      280 |
| 0533      |      2 |             4 |       1928.500 |    136 |      132 |
| 0540      |      2 |             4 |      13330.775 |   2500 |     1134 |
| 0551      |      2 |             4 |        103.900 |     10 |       10 |
| 0552      |      2 |             4 |       3270.160 |   1245 |      599 |
| 0561      |      2 |             4 |      15017.246 |   7025 |     4860 |
| 0562      |      2 |             4 |      25292.440 |    689 |      584 |
| 0611      |      2 |             4 |       3663.635 |    457 |      371 |
| 0612      |      2 |             4 |        315.100 |     81 |       75 |
| 0613      |      2 |             4 |       2444.800 |     80 |       79 |
| 0621      |      2 |             4 |       1014.800 |     58 |       58 |
| 0622      |      2 |             4 |       1203.000 |     27 |       27 |
| 0623      |      2 |             4 |        333.150 |     10 |       10 |
| 0624      |      2 |             4 |       1766.330 |     13 |        8 |
| 0630      |      2 |             4 |        848.350 |      9 |        9 |
| 0711      |      2 |             4 |       8500.000 |      3 |        3 |
| 0713      |      2 |             4 |         67.000 |      3 |        3 |
| 0721      |      2 |             4 |       8037.500 |    271 |      233 |
| 0722      |      2 |             4 |      58473.050 |  17761 |     4294 |
| 0723      |      2 |             4 |      17845.665 |   1547 |     1405 |
| 0724      |      2 |             4 |       1265.500 |     76 |       66 |
| 0732      |      2 |             4 |        957.600 |    144 |      139 |
| 0733      |      2 |             4 |      24865.650 |     84 |       64 |
| 0734      |      2 |             4 |        120.000 |      3 |        3 |
| 0736      |      2 |             4 |        148.500 |     12 |       12 |
| 0810      |      2 |             4 |         69.000 |      5 |        3 |
| 0820      |      2 |             4 |      12857.590 |    523 |      510 |
| 0830      |      2 |             4 |      22032.750 |   2485 |     2320 |
| 0911      |      2 |             4 |       3597.400 |     87 |       86 |
| 0912      |      2 |             4 |        373.800 |     13 |       12 |
| 0913      |      2 |             4 |       5411.820 |    131 |      128 |
| 0914      |      2 |             4 |        315.750 |     87 |       68 |
| 0915      |      2 |             4 |        382.000 |     36 |       36 |
| 0922      |      2 |             4 |        379.250 |     11 |        8 |
| 0923      |      2 |             4 |        140.900 |     17 |       13 |
| 0931      |      2 |             4 |       2386.220 |    223 |      182 |
| 0932      |      2 |             4 |       1389.610 |    112 |       82 |
| 0933      |      2 |             4 |        492.250 |     67 |       63 |
| 0934      |      2 |             4 |       1619.950 |     70 |       38 |
| 0935      |      2 |             4 |         11.000 |      2 |        2 |
| 0941      |      2 |             4 |       4853.650 |    261 |      197 |
| 0942      |      2 |             4 |        843.900 |    138 |       72 |
| 0951      |      2 |             4 |        723.450 |     47 |       37 |
| 0952      |      2 |             4 |        644.350 |    497 |      421 |
| 0953      |      2 |             4 |         94.450 |     28 |       15 |
| 0954      |      2 |             4 |       3304.095 |   1168 |      633 |
| 0960      |      2 |             4 |       2630.000 |     12 |       12 |
| 1010      |      2 |             4 |       8597.825 |     42 |       40 |
| 1020      |      2 |             4 |      18778.000 |    125 |      117 |
| 1030      |      2 |             4 |       4061.000 |      3 |        3 |
| 1040      |      2 |             4 |      14463.000 |     28 |       20 |
| 1050      |      2 |             4 |       4902.000 |     74 |       66 |
| 1111      |      2 |             4 |      18354.505 |   2541 |     2234 |
| 1112      |      2 |             4 |       5770.395 |    741 |      616 |
| 1120      |      2 |             4 |       1144.500 |      9 |        8 |
| 1211      |      2 |             4 |       7000.620 |   1188 |     1121 |
| 1212      |      2 |             4 |        804.365 |     85 |       74 |
| 1213      |      2 |             4 |      28780.153 |   8533 |     5632 |
| 1231      |      2 |             4 |      12092.200 |    541 |      446 |
| 1232      |      2 |             4 |       8310.980 |    612 |      551 |
| 1254      |      2 |             4 |        694.250 |     24 |       20 |
| 1255      |      2 |             4 |         25.000 |      1 |        1 |
| 1262      |      2 |             4 |        402.750 |    104 |      102 |
| 1270      |      2 |             4 |      43186.275 |   1628 |      410 |
| 1310      |      2 |             4 |       3207.700 |    226 |      210 |
| 1320      |      2 |             4 |      48457.590 |    501 |      460 |
| 0111      |      2 |             5 |       1271.775 |    923 |      308 |
| 0112      |      2 |             5 |       1385.620 |    226 |      132 |
| 0113      |      2 |             5 |       1017.580 |    168 |       65 |
| 0114      |      2 |             5 |        447.620 |    438 |      191 |
| 0115      |      2 |             5 |        154.420 |     77 |       58 |
| 0116      |      2 |             5 |        502.850 |    281 |      193 |
| 0117      |      2 |             5 |        683.000 |    704 |      403 |
| 0118      |      2 |             5 |        420.675 |    237 |       78 |
| 0119      |      2 |             5 |        278.550 |    284 |      171 |
| 0121      |      2 |             5 |        292.490 |    167 |       51 |
| 0122      |      2 |             5 |        509.620 |    305 |       91 |
| 0220      |      2 |             5 |        174.300 |     70 |       46 |
| 0311      |      2 |             5 |        123.500 |      6 |        6 |
| 0312      |      2 |             5 |       4352.900 |    364 |      240 |
| 0313      |      2 |             5 |         91.700 |     18 |       14 |
| 0314      |      2 |             5 |        410.950 |    146 |       84 |
| 0321      |      2 |             5 |        823.340 |     71 |       60 |
| 0322      |      2 |             5 |          6.650 |      5 |        4 |
| 0411      |      2 |             5 |      14805.000 |     24 |       24 |
| 0421      |      2 |             5 |      11660.000 |     16 |       16 |
| 0431      |      2 |             5 |       2328.000 |     26 |       23 |
| 0432      |      2 |             5 |       1023.000 |     27 |       27 |
| 0441      |      2 |             5 |        459.000 |     39 |       39 |
| 0442      |      2 |             5 |         99.000 |     25 |       25 |
| 0451      |      2 |             5 |       1052.000 |     39 |       39 |
| 0452      |      2 |             5 |         45.000 |     37 |       30 |
| 0454      |      2 |             5 |         22.500 |      8 |        8 |
| 0511      |      2 |             5 |       1091.350 |     62 |       42 |
| 0512      |      2 |             5 |        306.500 |     13 |       13 |
| 0520      |      2 |             5 |        582.740 |     54 |       42 |
| 0531      |      2 |             5 |        244.450 |     11 |       11 |
| 0532      |      2 |             5 |        453.600 |     28 |       26 |
| 0533      |      2 |             5 |        117.000 |      8 |        8 |
| 0540      |      2 |             5 |        813.250 |     97 |       53 |
| 0552      |      2 |             5 |        151.150 |     35 |       25 |
| 0561      |      2 |             5 |       1125.755 |    502 |      348 |
| 0562      |      2 |             5 |       3269.000 |     52 |       47 |
| 0611      |      2 |             5 |        317.870 |     26 |       26 |
| 0612      |      2 |             5 |          2.250 |      2 |        2 |
| 0613      |      2 |             5 |        296.000 |     13 |       12 |
| 0621      |      2 |             5 |        100.000 |      4 |        4 |
| 0624      |      2 |             5 |        150.000 |      1 |        1 |
| 0721      |      2 |             5 |        944.450 |     17 |       14 |
| 0722      |      2 |             5 |       2307.800 |    613 |      262 |
| 0723      |      2 |             5 |       1191.050 |    141 |      127 |
| 0724      |      2 |             5 |          7.400 |     21 |       21 |
| 0732      |      2 |             5 |        150.000 |      5 |        5 |
| 0733      |      2 |             5 |        708.000 |      2 |        2 |
| 0820      |      2 |             5 |        622.500 |     35 |       35 |
| 0830      |      2 |             5 |       1416.500 |    162 |      154 |
| 0911      |      2 |             5 |        684.800 |     10 |       10 |
| 0912      |      2 |             5 |         98.500 |      3 |        3 |
| 0913      |      2 |             5 |         92.550 |      8 |        7 |
| 0914      |      2 |             5 |         58.600 |     15 |        5 |
| 0915      |      2 |             5 |         27.000 |      3 |        3 |
| 0931      |      2 |             5 |        191.500 |     22 |       15 |
| 0932      |      2 |             5 |         85.000 |      3 |        3 |
| 0933      |      2 |             5 |         61.500 |      8 |        5 |
| 0934      |      2 |             5 |          3.000 |      2 |        2 |
| 0941      |      2 |             5 |        313.500 |     21 |       20 |
| 0942      |      2 |             5 |         47.500 |     15 |        6 |
| 0951      |      2 |             5 |          6.000 |      1 |        1 |
| 0952      |      2 |             5 |         28.050 |     21 |       21 |
| 0954      |      2 |             5 |        587.000 |    153 |       56 |
| 0960      |      2 |             5 |         27.000 |      3 |        1 |
| 1010      |      2 |             5 |       1875.000 |      6 |        6 |
| 1020      |      2 |             5 |        584.000 |     42 |       30 |
| 1050      |      2 |             5 |        105.000 |      2 |        2 |
| 1111      |      2 |             5 |       1404.580 |    251 |      230 |
| 1112      |      2 |             5 |        203.600 |     41 |       33 |
| 1120      |      2 |             5 |        150.000 |      3 |        3 |
| 1211      |      2 |             5 |        652.500 |     82 |       71 |
| 1212      |      2 |             5 |         48.900 |      3 |        3 |
| 1213      |      2 |             5 |       2789.310 |    788 |      498 |
| 1231      |      2 |             5 |        514.150 |     32 |       27 |
| 1232      |      2 |             5 |        393.680 |     31 |       29 |
| 1254      |      2 |             5 |        229.000 |      3 |        3 |
| 1262      |      2 |             5 |          2.000 |      1 |        1 |
| 1270      |      2 |             5 |      11602.950 |     47 |       47 |
| 1310      |      2 |             5 |        612.250 |     15 |       15 |
| 1320      |      2 |             5 |       2948.350 |     47 |       45 |
+-----------+--------+---------------+----------------+--------+----------+
975 rows in set (20.61 sec)

mysql> notee
